1
361
451
905
907
908
909
910
911
912
913
999
1090
1454
2
362
452
905
907
908
909
910
911
912
913
1000
1091
1455
3
363
453
905
907
908
909
910
911
912
913
1001
1092
1456
4
364
454
905
907
908
909
910
911
912
913
1002
1093
1457
5
365
455
905
907
908
909
910
911
912
913
1003
1094
1458
6
366
456
905
907
908
909
910
911
912
913
1004
1095
1459
7
367
457
905
907
908
909
910
911
912
913
914
915
916
1005
1096
1460
8
368
458
905
914
915
916
1006
1097
1461
9
369
459
905
914
915
916
1007
1098
1462
10
370
460
905
914
915
916
917
918
919
1008
1099
1463
11
371
461
905
917
918
919
1009
1100
1464
12
372
462
905
917
918
919
1010
1101
1465
13
373
463
905
917
918
919
920
921
922
1011
1102
1466
14
374
464
905
920
921
922
1012
1103
1467
15
375
465
905
920
921
922
1013
1104
1468
16
376
466
905
920
921
922
923
924
925
1014
1105
1469
17
377
467
905
923
924
925
1015
1106
1470
18
378
468
905
923
924
925
1016
1107
1471
19
379
469
905
923
924
925
926
927
928
929
930
931
932
933
1017
1108
1472
20
380
470
905
926
927
928
929
930
931
932
933
1018
1109
1473
21
381
471
905
926
927
928
929
930
931
932
933
1019
1110
1474
22
382
472
905
926
927
928
929
930
931
932
933
1020
1111
1475
23
383
473
905
926
927
928
929
930
931
932
933
1021
1112
1476
24
384
474
905
926
927
928
929
930
931
932
933
1022
1113
1477
25
385
475
905
926
927
928
929
930
931
932
933
1023
1114
1478
26
386
476
905
926
927
928
929
930
931
932
933
1024
1115
1479
27
387
477
905
926
927
928
929
930
931
932
933
934
935
936
1025
1116
1480
28
388
478
905
934
935
936
1026
1117
1481
29
389
479
905
934
935
936
1027
1118
1482
30
390
480
905
934
935
936
937
938
939
1028
1119
1483
31
391
481
905
937
938
939
1029
1120
1484
32
392
482
905
937
938
939
1030
1121
1485
33
393
483
905
937
938
939
940
941
942
1031
1122
1486
34
394
484
905
940
941
942
1032
1123
1487
35
395
485
905
940
941
942
1033
1124
1488
36
396
486
905
940
941
942
943
944
945
1034
1125
1489
37
397
487
905
943
944
945
1035
1126
1490
38
398
488
905
943
944
945
1036
1127
1491
39
399
489
905
943
944
945
946
947
948
949
950
951
952
1037
1128
1492
40
400
490
905
946
947
948
949
950
951
952
1038
1129
1493
41
401
491
905
946
947
948
949
950
951
952
1039
1130
1494
42
402
492
905
946
947
948
949
950
951
952
1040
1131
1495
43
403
493
905
946
947
948
949
950
951
952
1041
1132
1496
44
404
494
905
946
947
948
949
950
951
952
1042
1133
1497
45
405
495
905
946
947
948
949
950
951
952
1043
1134
1498
46
406
496
905
946
947
948
949
950
951
952
953
954
955
1044
1135
1499
47
407
497
905
953
954
955
1045
1136
1500
48
408
498
905
953
954
955
1046
1137
1501
49
409
499
905
953
954
955
956
957
958
1047
1138
1502
50
410
500
905
956
957
958
1048
1139
1503
51
411
501
905
956
957
958
1049
1140
1504
52
412
502
905
956
957
958
959
960
961
1050
1141
1505
53
413
503
905
959
960
961
1051
1142
1506
54
414
504
905
959
960
961
1052
1143
1507
55
415
505
905
959
960
961
962
963
964
1053
1144
1508
56
416
506
905
962
963
964
1054
1145
1509
57
417
507
905
962
963
964
1055
1146
1510
58
418
508
905
962
963
964
965
966
967
968
969
970
971
1056
1147
1511
59
419
509
905
965
966
967
968
969
970
971
1057
1148
1512
60
420
510
905
965
966
967
968
969
970
971
1058
1149
1513
61
421
511
905
965
966
967
968
969
970
971
1059
1150
1514
62
422
512
905
965
966
967
968
969
970
971
1060
1151
1515
63
423
513
905
965
966
967
968
969
970
971
1061
1152
1516
64
424
514
905
965
966
967
968
969
970
971
1062
1153
1517
65
425
515
905
965
966
967
968
969
970
971
972
973
974
1063
1154
1518
66
426
516
905
972
973
974
1064
1155
1519
67
427
517
905
972
973
974
1065
1156
1520
68
428
518
905
972
973
974
975
976
977
1066
1157
1521
69
429
519
905
975
976
977
1067
1158
1522
70
430
520
905
975
976
977
1068
1159
1523
71
431
521
905
975
976
977
978
979
980
1069
1160
1524
72
432
522
905
978
979
980
1070
1161
1525
73
433
523
905
978
979
980
1071
1162
1526
74
434
524
905
978
979
980
981
982
983
1072
1163
1527
75
435
525
905
981
982
983
1073
1164
1528
76
436
526
905
981
982
983
1074
1165
1529
77
437
527
905
981
982
983
984
985
986
987
988
989
990
1075
1166
1530
78
438
528
905
984
985
986
987
988
989
990
1076
1167
1531
79
439
529
905
984
985
986
987
988
989
990
1077
1168
1532
80
440
530
905
984
985
986
987
988
989
990
1078
1169
1533
81
441
531
905
984
985
986
987
988
989
990
1079
1170
1534
82
442
532
905
984
985
986
987
988
989
990
1080
1171
1535
83
443
533
905
984
985
986
987
988
989
990
1081
1172
1536
84
444
534
905
984
985
986
987
988
989
990
991
992
993
994
995
996
997
1082
1173
1537
85
445
535
905
991
992
993
994
995
996
997
1083
1174
1538
86
446
536
905
991
992
993
994
995
996
997
1084
1175
1539
87
447
537
905
991
992
993
994
995
996
997
1085
1176
1540
88
448
538
905
991
992
993
994
995
996
997
1086
1177
1541
89
449
539
905
991
992
993
994
995
996
997
1087
1178
1542
90
450
540
905
991
992
993
994
995
996
997
1088
1179
1543
91
271
451
905
908
998
999
1000
1001
1002
1003
1004
1090
1454
92
272
452
905
909
998
999
1000
1001
1002
1003
1004
1091
1455
93
273
453
905
910
998
999
1000
1001
1002
1003
1004
1092
1456
94
274
454
905
911
998
999
1000
1001
1002
1003
1004
1093
1457
95
275
455
905
912
998
999
1000
1001
1002
1003
1004
1094
1458
96
276
456
905
913
998
999
1000
1001
1002
1003
1004
1095
1459
97
277
457
905
914
998
999
1000
1001
1002
1003
1004
1005
1006
1007
1096
1460
98
278
458
905
915
1005
1006
1007
1097
1461
99
279
459
905
916
1005
1006
1007
1098
1462
100
280
460
905
917
1005
1006
1007
1008
1009
1010
1099
1463
101
281
461
905
918
1008
1009
1010
1100
1464
102
282
462
905
919
1008
1009
1010
1101
1465
103
283
463
905
920
1008
1009
1010
1011
1012
1013
1102
1466
104
284
464
905
921
1011
1012
1013
1103
1467
105
285
465
905
922
1011
1012
1013
1104
1468
106
286
466
905
923
1011
1012
1013
1014
1015
1016
1105
1469
107
287
467
905
924
1014
1015
1016
1106
1470
108
288
468
905
925
1014
1015
1016
1107
1471
109
289
469
905
926
1014
1015
1016
1017
1018
1019
1020
1021
1022
1023
1024
1108
1472
110
290
470
905
927
1017
1018
1019
1020
1021
1022
1023
1024
1109
1473
111
291
471
905
928
1017
1018
1019
1020
1021
1022
1023
1024
1110
1474
112
292
472
905
929
1017
1018
1019
1020
1021
1022
1023
1024
1111
1475
113
293
473
905
930
1017
1018
1019
1020
1021
1022
1023
1024
1112
1476
114
294
474
905
931
1017
1018
1019
1020
1021
1022
1023
1024
1113
1477
115
295
475
905
932
1017
1018
1019
1020
1021
1022
1023
1024
1114
1478
116
296
476
905
933
1017
1018
1019
1020
1021
1022
1023
1024
1115
1479
117
297
477
905
934
1017
1018
1019
1020
1021
1022
1023
1024
1025
1026
1027
1116
1480
118
298
478
905
935
1025
1026
1027
1117
1481
119
299
479
905
936
1025
1026
1027
1118
1482
120
300
480
905
937
1025
1026
1027
1028
1029
1030
1119
1483
121
301
481
905
938
1028
1029
1030
1120
1484
122
302
482
905
939
1028
1029
1030
1121
1485
123
303
483
905
940
1028
1029
1030
1031
1032
1033
1122
1486
124
304
484
905
941
1031
1032
1033
1123
1487
125
305
485
905
942
1031
1032
1033
1124
1488
126
306
486
905
943
1031
1032
1033
1034
1035
1036
1125
1489
127
307
487
905
944
1034
1035
1036
1126
1490
128
308
488
905
945
1034
1035
1036
1127
1491
129
309
489
905
946
1034
1035
1036
1037
1038
1039
1040
1041
1042
1043
1128
1492
130
310
490
905
947
1037
1038
1039
1040
1041
1042
1043
1129
1493
131
311
491
905
948
1037
1038
1039
1040
1041
1042
1043
1130
1494
132
312
492
905
949
1037
1038
1039
1040
1041
1042
1043
1131
1495
133
313
493
905
950
1037
1038
1039
1040
1041
1042
1043
1132
1496
134
314
494
905
951
1037
1038
1039
1040
1041
1042
1043
1133
1497
135
315
495
905
952
1037
1038
1039
1040
1041
1042
1043
1134
1498
136
316
496
905
953
1037
1038
1039
1040
1041
1042
1043
1044
1045
1046
1135
1499
137
317
497
905
954
1044
1045
1046
1136
1500
138
318
498
905
955
1044
1045
1046
1137
1501
139
319
499
905
956
1044
1045
1046
1047
1048
1049
1138
1502
140
320
500
905
957
1047
1048
1049
1139
1503
141
321
501
905
958
1047
1048
1049
1140
1504
142
322
502
905
959
1047
1048
1049
1050
1051
1052
1141
1505
143
323
503
905
960
1050
1051
1052
1142
1506
144
324
504
905
961
1050
1051
1052
1143
1507
145
325
505
905
962
1050
1051
1052
1053
1054
1055
1144
1508
146
326
506
905
963
1053
1054
1055
1145
1509
147
327
507
905
964
1053
1054
1055
1146
1510
148
328
508
905
965
1053
1054
1055
1056
1057
1058
1059
1060
1061
1062
1147
1511
149
329
509
905
966
1056
1057
1058
1059
1060
1061
1062
1148
1512
150
330
510
905
967
1056
1057
1058
1059
1060
1061
1062
1149
1513
151
331
511
905
968
1056
1057
1058
1059
1060
1061
1062
1150
1514
152
332
512
905
969
1056
1057
1058
1059
1060
1061
1062
1151
1515
153
333
513
905
970
1056
1057
1058
1059
1060
1061
1062
1152
1516
154
334
514
905
971
1056
1057
1058
1059
1060
1061
1062
1153
1517
155
335
515
905
972
1056
1057
1058
1059
1060
1061
1062
1063
1064
1065
1154
1518
156
336
516
905
973
1063
1064
1065
1155
1519
157
337
517
905
974
1063
1064
1065
1156
1520
158
338
518
905
975
1063
1064
1065
1066
1067
1068
1157
1521
159
339
519
905
976
1066
1067
1068
1158
1522
160
340
520
905
977
1066
1067
1068
1159
1523
161
341
521
905
978
1066
1067
1068
1069
1070
1071
1160
1524
162
342
522
905
979
1069
1070
1071
1161
1525
163
343
523
905
980
1069
1070
1071
1162
1526
164
344
524
905
981
1069
1070
1071
1072
1073
1074
1163
1527
165
345
525
905
982
1072
1073
1074
1164
1528
166
346
526
905
983
1072
1073
1074
1165
1529
167
347
527
905
984
1072
1073
1074
1075
1076
1077
1078
1079
1080
1081
1166
1530
168
348
528
905
985
1075
1076
1077
1078
1079
1080
1081
1167
1531
169
349
529
905
986
1075
1076
1077
1078
1079
1080
1081
1168
1532
170
350
530
905
987
1075
1076
1077
1078
1079
1080
1081
1169
1533
171
351
531
905
988
1075
1076
1077
1078
1079
1080
1081
1170
1534
172
352
532
905
989
1075
1076
1077
1078
1079
1080
1081
1171
1535
173
353
533
905
990
1075
1076
1077
1078
1079
1080
1081
1172
1536
174
354
534
905
991
1075
1076
1077
1078
1079
1080
1081
1082
1083
1084
1085
1086
1087
1088
1173
1537
175
355
535
905
992
1082
1083
1084
1085
1086
1087
1088
1174
1538
176
356
536
905
993
1082
1083
1084
1085
1086
1087
1088
1175
1539
177
357
537
905
994
1082
1083
1084
1085
1086
1087
1088
1176
1540
178
358
538
905
995
1082
1083
1084
1085
1086
1087
1088
1177
1541
179
359
539
905
996
1082
1083
1084
1085
1086
1087
1088
1178
1542
180
360
540
905
997
1082
1083
1084
1085
1086
1087
1088
1179
1543
181
271
361
905
908
999
1089
1090
1091
1092
1093
1094
1095
1454
182
272
362
905
909
1000
1089
1090
1091
1092
1093
1094
1095
1455
183
273
363
905
910
1001
1089
1090
1091
1092
1093
1094
1095
1456
184
274
364
905
911
1002
1089
1090
1091
1092
1093
1094
1095
1457
185
275
365
905
912
1003
1089
1090
1091
1092
1093
1094
1095
1458
186
276
366
905
913
1004
1089
1090
1091
1092
1093
1094
1095
1459
187
277
367
905
914
1005
1089
1090
1091
1092
1093
1094
1095
1096
1097
1098
1460
188
278
368
905
915
1006
1096
1097
1098
1461
189
279
369
905
916
1007
1096
1097
1098
1462
190
280
370
905
917
1008
1096
1097
1098
1099
1100
1101
1463
191
281
371
905
918
1009
1099
1100
1101
1464
192
282
372
905
919
1010
1099
1100
1101
1465
193
283
373
905
920
1011
1099
1100
1101
1102
1103
1104
1466
194
284
374
905
921
1012
1102
1103
1104
1467
195
285
375
905
922
1013
1102
1103
1104
1468
196
286
376
905
923
1014
1102
1103
1104
1105
1106
1107
1469
197
287
377
905
924
1015
1105
1106
1107
1470
198
288
378
905
925
1016
1105
1106
1107
1471
199
289
379
905
926
1017
1105
1106
1107
1108
1109
1110
1111
1112
1113
1114
1115
1472
200
290
380
905
927
1018
1108
1109
1110
1111
1112
1113
1114
1115
1473
201
291
381
905
928
1019
1108
1109
1110
1111
1112
1113
1114
1115
1474
202
292
382
905
929
1020
1108
1109
1110
1111
1112
1113
1114
1115
1475
203
293
383
905
930
1021
1108
1109
1110
1111
1112
1113
1114
1115
1476
204
294
384
905
931
1022
1108
1109
1110
1111
1112
1113
1114
1115
1477
205
295
385
905
932
1023
1108
1109
1110
1111
1112
1113
1114
1115
1478
206
296
386
905
933
1024
1108
1109
1110
1111
1112
1113
1114
1115
1479
207
297
387
905
934
1025
1108
1109
1110
1111
1112
1113
1114
1115
1116
1117
1118
1480
208
298
388
905
935
1026
1116
1117
1118
1481
209
299
389
905
936
1027
1116
1117
1118
1482
210
300
390
905
937
1028
1116
1117
1118
1119
1120
1121
1483
211
301
391
905
938
1029
1119
1120
1121
1484
212
302
392
905
939
1030
1119
1120
1121
1485
213
303
393
905
940
1031
1119
1120
1121
1122
1123
1124
1486
214
304
394
905
941
1032
1122
1123
1124
1487
215
305
395
905
942
1033
1122
1123
1124
1488
216
306
396
905
943
1034
1122
1123
1124
1125
1126
1127
1489
217
307
397
905
944
1035
1125
1126
1127
1490
218
308
398
905
945
1036
1125
1126
1127
1491
219
309
399
905
946
1037
1125
1126
1127
1128
1129
1130
1131
1132
1133
1134
1492
220
310
400
905
947
1038
1128
1129
1130
1131
1132
1133
1134
1493
221
311
401
905
948
1039
1128
1129
1130
1131
1132
1133
1134
1494
222
312
402
905
949
1040
1128
1129
1130
1131
1132
1133
1134
1495
223
313
403
905
950
1041
1128
1129
1130
1131
1132
1133
1134
1496
224
314
404
905
951
1042
1128
1129
1130
1131
1132
1133
1134
1497
225
315
405
905
952
1043
1128
1129
1130
1131
1132
1133
1134
1498
226
316
406
905
953
1044
1128
1129
1130
1131
1132
1133
1134
1135
1136
1137
1499
227
317
407
905
954
1045
1135
1136
1137
1500
228
318
408
905
955
1046
1135
1136
1137
1501
229
319
409
905
956
1047
1135
1136
1137
1138
1139
1140
1502
230
320
410
905
957
1048
1138
1139
1140
1503
231
321
411
905
958
1049
1138
1139
1140
1504
232
322
412
905
959
1050
1138
1139
1140
1141
1142
1143
1505
233
323
413
905
960
1051
1141
1142
1143
1506
234
324
414
905
961
1052
1141
1142
1143
1507
235
325
415
905
962
1053
1141
1142
1143
1144
1145
1146
1508
236
326
416
905
963
1054
1144
1145
1146
1509
237
327
417
905
964
1055
1144
1145
1146
1510
238
328
418
905
965
1056
1144
1145
1146
1147
1148
1149
1150
1151
1152
1153
1511
239
329
419
905
966
1057
1147
1148
1149
1150
1151
1152
1153
1512
240
330
420
905
967
1058
1147
1148
1149
1150
1151
1152
1153
1513
241
331
421
905
968
1059
1147
1148
1149
1150
1151
1152
1153
1514
242
332
422
905
969
1060
1147
1148
1149
1150
1151
1152
1153
1515
243
333
423
905
970
1061
1147
1148
1149
1150
1151
1152
1153
1516
244
334
424
905
971
1062
1147
1148
1149
1150
1151
1152
1153
1517
245
335
425
905
972
1063
1147
1148
1149
1150
1151
1152
1153
1154
1155
1156
1518
246
336
426
905
973
1064
1154
1155
1156
1519
247
337
427
905
974
1065
1154
1155
1156
1520
248
338
428
905
975
1066
1154
1155
1156
1157
1158
1159
1521
249
339
429
905
976
1067
1157
1158
1159
1522
250
340
430
905
977
1068
1157
1158
1159
1523
251
341
431
905
978
1069
1157
1158
1159
1160
1161
1162
1524
252
342
432
905
979
1070
1160
1161
1162
1525
253
343
433
905
980
1071
1160
1161
1162
1526
254
344
434
905
981
1072
1160
1161
1162
1163
1164
1165
1527
255
345
435
905
982
1073
1163
1164
1165
1528
256
346
436
905
983
1074
1163
1164
1165
1529
257
347
437
905
984
1075
1163
1164
1165
1166
1167
1168
1169
1170
1171
1172
1530
258
348
438
905
985
1076
1166
1167
1168
1169
1170
1171
1172
1531
259
349
439
905
986
1077
1166
1167
1168
1169
1170
1171
1172
1532
260
350
440
905
987
1078
1166
1167
1168
1169
1170
1171
1172
1533
261
351
441
905
988
1079
1166
1167
1168
1169
1170
1171
1172
1534
262
352
442
905
989
1080
1166
1167
1168
1169
1170
1171
1172
1535
263
353
443
905
990
1081
1166
1167
1168
1169
1170
1171
1172
1536
264
354
444
905
991
1082
1166
1167
1168
1169
1170
1171
1172
1173
1174
1175
1176
1177
1178
1179
1537
265
355
445
905
992
1083
1173
1174
1175
1176
1177
1178
1179
1538
266
356
446
905
993
1084
1173
1174
1175
1176
1177
1178
1179
1539
267
357
447
905
994
1085
1173
1174
1175
1176
1177
1178
1179
1540
268
358
448
905
995
1086
1173
1174
1175
1176
1177
1178
1179
1541
269
359
449
905
996
1087
1173
1174
1175
1176
1177
1178
1179
1542
270
360
450
905
997
1088
1173
1174
1175
1176
1177
1178
1179
1543
91
181
271
361
451
542
905
908
999
1090
1180
1181
1182
1183
1184
1185
1186
1272
1363
92
182
272
362
452
543
905
909
1000
1091
1180
1181
1182
1183
1184
1185
1186
1273
1364
93
183
273
363
453
544
905
910
1001
1092
1180
1181
1182
1183
1184
1185
1186
1274
1365
94
184
274
364
454
545
905
911
1002
1093
1180
1181
1182
1183
1184
1185
1186
1275
1366
95
185
275
365
455
546
905
912
1003
1094
1180
1181
1182
1183
1184
1185
1186
1276
1367
96
186
276
366
456
547
905
913
1004
1095
1180
1181
1182
1183
1184
1185
1186
1277
1368
97
187
277
367
457
548
905
914
1005
1096
1180
1181
1182
1183
1184
1185
1186
1187
1188
1189
1278
1369
98
188
278
368
458
549
905
915
1006
1097
1187
1188
1189
1279
1370
99
189
279
369
459
550
905
916
1007
1098
1187
1188
1189
1280
1371
100
190
280
370
460
551
905
917
1008
1099
1187
1188
1189
1190
1191
1192
1281
1372
101
191
281
371
461
552
905
918
1009
1100
1190
1191
1192
1282
1373
102
192
282
372
462
553
905
919
1010
1101
1190
1191
1192
1283
1374
103
193
283
373
463
554
905
920
1011
1102
1190
1191
1192
1193
1194
1195
1284
1375
104
194
284
374
464
555
905
921
1012
1103
1193
1194
1195
1285
1376
105
195
285
375
465
556
905
922
1013
1104
1193
1194
1195
1286
1377
106
196
286
376
466
557
905
923
1014
1105
1193
1194
1195
1196
1197
1198
1287
1378
107
197
287
377
467
558
905
924
1015
1106
1196
1197
1198
1288
1379
108
198
288
378
468
559
905
925
1016
1107
1196
1197
1198
1289
1380
109
199
289
379
469
560
905
926
1017
1108
1196
1197
1198
1199
1200
1201
1202
1203
1204
1205
1206
1290
1381
110
200
290
380
470
561
905
927
1018
1109
1199
1200
1201
1202
1203
1204
1205
1206
1291
1382
111
201
291
381
471
562
905
928
1019
1110
1199
1200
1201
1202
1203
1204
1205
1206
1292
1383
112
202
292
382
472
563
905
929
1020
1111
1199
1200
1201
1202
1203
1204
1205
1206
1293
1384
113
203
293
383
473
564
905
930
1021
1112
1199
1200
1201
1202
1203
1204
1205
1206
1294
1385
114
204
294
384
474
565
905
931
1022
1113
1199
1200
1201
1202
1203
1204
1205
1206
1295
1386
115
205
295
385
475
566
905
932
1023
1114
1199
1200
1201
1202
1203
1204
1205
1206
1296
1387
116
206
296
386
476
567
905
933
1024
1115
1199
1200
1201
1202
1203
1204
1205
1206
1297
1388
117
207
297
387
477
568
905
934
1025
1116
1199
1200
1201
1202
1203
1204
1205
1206
1207
1208
1209
1298
1389
118
208
298
388
478
569
905
935
1026
1117
1207
1208
1209
1299
1390
119
209
299
389
479
570
905
936
1027
1118
1207
1208
1209
1300
1391
120
210
300
390
480
571
905
937
1028
1119
1207
1208
1209
1210
1211
1212
1301
1392
121
211
301
391
481
572
905
938
1029
1120
1210
1211
1212
1302
1393
122
212
302
392
482
573
905
939
1030
1121
1210
1211
1212
1303
1394
123
213
303
393
483
574
905
940
1031
1122
1210
1211
1212
1213
1214
1215
1304
1395
124
214
304
394
484
575
905
941
1032
1123
1213
1214
1215
1305
1396
125
215
305
395
485
576
905
942
1033
1124
1213
1214
1215
1306
1397
126
216
306
396
486
577
905
943
1034
1125
1213
1214
1215
1216
1217
1218
1307
1398
127
217
307
397
487
578
905
944
1035
1126
1216
1217
1218
1308
1399
128
218
308
398
488
579
905
945
1036
1127
1216
1217
1218
1309
1400
129
219
309
399
489
580
905
946
1037
1128
1216
1217
1218
1219
1220
1221
1222
1223
1224
1225
1310
1401
130
220
310
400
490
581
905
947
1038
1129
1219
1220
1221
1222
1223
1224
1225
1311
1402
131
221
311
401
491
582
905
948
1039
1130
1219
1220
1221
1222
1223
1224
1225
1312
1403
132
222
312
402
492
583
905
949
1040
1131
1219
1220
1221
1222
1223
1224
1225
1313
1404
133
223
313
403
493
584
905
950
1041
1132
1219
1220
1221
1222
1223
1224
1225
1314
1405
134
224
314
404
494
585
905
951
1042
1133
1219
1220
1221
1222
1223
1224
1225
1315
1406
135
225
315
405
495
586
905
952
1043
1134
1219
1220
1221
1222
1223
1224
1225
1316
1407
136
226
316
406
496
587
905
953
1044
1135
1219
1220
1221
1222
1223
1224
1225
1226
1227
1228
1317
1408
137
227
317
407
497
588
905
954
1045
1136
1226
1227
1228
1318
1409
138
228
318
408
498
589
905
955
1046
1137
1226
1227
1228
1319
1410
139
229
319
409
499
590
905
956
1047
1138
1226
1227
1228
1229
1230
1231
1320
1411
140
230
320
410
500
591
905
957
1048
1139
1229
1230
1231
1321
1412
141
231
321
411
501
592
905
958
1049
1140
1229
1230
1231
1322
1413
142
232
322
412
502
593
905
959
1050
1141
1229
1230
1231
1232
1233
1234
1323
1414
143
233
323
413
503
594
905
960
1051
1142
1232
1233
1234
1324
1415
144
234
324
414
504
595
905
961
1052
1143
1232
1233
1234
1325
1416
145
235
325
415
505
596
905
962
1053
1144
1232
1233
1234
1235
1236
1237
1326
1417
146
236
326
416
506
597
905
963
1054
1145
1235
1236
1237
1327
1418
147
237
327
417
507
598
905
964
1055
1146
1235
1236
1237
1328
1419
148
238
328
418
508
599
905
965
1056
1147
1235
1236
1237
1238
1239
1240
1241
1242
1243
1244
1329
1420
149
239
329
419
509
600
905
966
1057
1148
1238
1239
1240
1241
1242
1243
1244
1330
1421
150
240
330
420
510
601
905
967
1058
1149
1238
1239
1240
1241
1242
1243
1244
1331
1422
151
241
331
421
511
602
905
968
1059
1150
1238
1239
1240
1241
1242
1243
1244
1332
1423
152
242
332
422
512
603
905
969
1060
1151
1238
1239
1240
1241
1242
1243
1244
1333
1424
153
243
333
423
513
604
905
970
1061
1152
1238
1239
1240
1241
1242
1243
1244
1334
1425
154
244
334
424
514
605
905
971
1062
1153
1238
1239
1240
1241
1242
1243
1244
1335
1426
155
245
335
425
515
606
905
972
1063
1154
1238
1239
1240
1241
1242
1243
1244
1245
1246
1247
1336
1427
156
246
336
426
516
607
905
973
1064
1155
1245
1246
1247
1337
1428
157
247
337
427
517
608
905
974
1065
1156
1245
1246
1247
1338
1429
158
248
338
428
518
609
905
975
1066
1157
1245
1246
1247
1248
1249
1250
1339
1430
159
249
339
429
519
610
905
976
1067
1158
1248
1249
1250
1340
1431
160
250
340
430
520
611
905
977
1068
1159
1248
1249
1250
1341
1432
161
251
341
431
521
612
905
978
1069
1160
1248
1249
1250
1251
1252
1253
1342
1433
162
252
342
432
522
613
905
979
1070
1161
1251
1252
1253
1343
1434
163
253
343
433
523
614
905
980
1071
1162
1251
1252
1253
1344
1435
164
254
344
434
524
615
905
981
1072
1163
1251
1252
1253
1254
1255
1256
1345
1436
165
255
345
435
525
616
905
982
1073
1164
1254
1255
1256
1346
1437
166
256
346
436
526
617
905
983
1074
1165
1254
1255
1256
1347
1438
167
257
347
437
527
618
905
984
1075
1166
1254
1255
1256
1257
1258
1259
1260
1261
1262
1263
1348
1439
168
258
348
438
528
619
905
985
1076
1167
1257
1258
1259
1260
1261
1262
1263
1349
1440
169
259
349
439
529
620
905
986
1077
1168
1257
1258
1259
1260
1261
1262
1263
1350
1441
170
260
350
440
530
621
905
987
1078
1169
1257
1258
1259
1260
1261
1262
1263
1351
1442
171
261
351
441
531
622
905
988
1079
1170
1257
1258
1259
1260
1261
1262
1263
1352
1443
172
262
352
442
532
623
905
989
1080
1171
1257
1258
1259
1260
1261
1262
1263
1353
1444
173
263
353
443
533
624
905
990
1081
1172
1257
1258
1259
1260
1261
1262
1263
1354
1445
174
264
354
444
534
625
905
991
1082
1173
1257
1258
1259
1260
1261
1262
1263
1264
1265
1266
1267
1268
1269
1270
1355
1446
175
265
355
445
535
626
905
992
1083
1174
1264
1265
1266
1267
1268
1269
1270
1356
1447
176
266
356
446
536
627
905
993
1084
1175
1264
1265
1266
1267
1268
1269
1270
1357
1448
177
267
357
447
537
628
905
994
1085
1176
1264
1265
1266
1267
1268
1269
1270
1358
1449
178
268
358
448
538
629
905
995
1086
1177
1264
1265
1266
1267
1268
1269
1270
1359
1450
179
269
359
449
539
630
905
996
1087
1178
1264
1265
1266
1267
1268
1269
1270
1360
1451
180
270
360
450
540
631
905
997
1088
1179
1264
1265
1266
1267
1268
1269
1270
1361
1452
1
181
271
361
451
542
905
908
999
1090
1181
1271
1272
1273
1274
1275
1276
1277
1363
2
182
272
362
452
543
905
909
1000
1091
1182
1271
1272
1273
1274
1275
1276
1277
1364
3
183
273
363
453
544
905
910
1001
1092
1183
1271
1272
1273
1274
1275
1276
1277
1365
4
184
274
364
454
545
905
911
1002
1093
1184
1271
1272
1273
1274
1275
1276
1277
1366
5
185
275
365
455
546
905
912
1003
1094
1185
1271
1272
1273
1274
1275
1276
1277
1367
6
186
276
366
456
547
905
913
1004
1095
1186
1271
1272
1273
1274
1275
1276
1277
1368
7
187
277
367
457
548
905
914
1005
1096
1187
1271
1272
1273
1274
1275
1276
1277
1278
1279
1280
1369
8
188
278
368
458
549
905
915
1006
1097
1188
1278
1279
1280
1370
9
189
279
369
459
550
905
916
1007
1098
1189
1278
1279
1280
1371
10
190
280
370
460
551
905
917
1008
1099
1190
1278
1279
1280
1281
1282
1283
1372
11
191
281
371
461
552
905
918
1009
1100
1191
1281
1282
1283
1373
12
192
282
372
462
553
905
919
1010
1101
1192
1281
1282
1283
1374
13
193
283
373
463
554
905
920
1011
1102
1193
1281
1282
1283
1284
1285
1286
1375
14
194
284
374
464
555
905
921
1012
1103
1194
1284
1285
1286
1376
15
195
285
375
465
556
905
922
1013
1104
1195
1284
1285
1286
1377
16
196
286
376
466
557
905
923
1014
1105
1196
1284
1285
1286
1287
1288
1289
1378
17
197
287
377
467
558
905
924
1015
1106
1197
1287
1288
1289
1379
18
198
288
378
468
559
905
925
1016
1107
1198
1287
1288
1289
1380
19
199
289
379
469
560
905
926
1017
1108
1199
1287
1288
1289
1290
1291
1292
1293
1294
1295
1296
1297
1381
20
200
290
380
470
561
905
927
1018
1109
1200
1290
1291
1292
1293
1294
1295
1296
1297
1382
21
201
291
381
471
562
905
928
1019
1110
1201
1290
1291
1292
1293
1294
1295
1296
1297
1383
22
202
292
382
472
563
905
929
1020
1111
1202
1290
1291
1292
1293
1294
1295
1296
1297
1384
23
203
293
383
473
564
905
930
1021
1112
1203
1290
1291
1292
1293
1294
1295
1296
1297
1385
24
204
294
384
474
565
905
931
1022
1113
1204
1290
1291
1292
1293
1294
1295
1296
1297
1386
25
205
295
385
475
566
905
932
1023
1114
1205
1290
1291
1292
1293
1294
1295
1296
1297
1387
26
206
296
386
476
567
905
933
1024
1115
1206
1290
1291
1292
1293
1294
1295
1296
1297
1388
27
207
297
387
477
568
905
934
1025
1116
1207
1290
1291
1292
1293
1294
1295
1296
1297
1298
1299
1300
1389
28
208
298
388
478
569
905
935
1026
1117
1208
1298
1299
1300
1390
29
209
299
389
479
570
905
936
1027
1118
1209
1298
1299
1300
1391
30
210
300
390
480
571
905
937
1028
1119
1210
1298
1299
1300
1301
1302
1303
1392
31
211
301
391
481
572
905
938
1029
1120
1211
1301
1302
1303
1393
32
212
302
392
482
573
905
939
1030
1121
1212
1301
1302
1303
1394
33
213
303
393
483
574
905
940
1031
1122
1213
1301
1302
1303
1304
1305
1306
1395
34
214
304
394
484
575
905
941
1032
1123
1214
1304
1305
1306
1396
35
215
305
395
485
576
905
942
1033
1124
1215
1304
1305
1306
1397
36
216
306
396
486
577
905
943
1034
1125
1216
1304
1305
1306
1307
1308
1309
1398
37
217
307
397
487
578
905
944
1035
1126
1217
1307
1308
1309
1399
38
218
308
398
488
579
905
945
1036
1127
1218
1307
1308
1309
1400
39
219
309
399
489
580
905
946
1037
1128
1219
1307
1308
1309
1310
1311
1312
1313
1314
1315
1316
1401
40
220
310
400
490
581
905
947
1038
1129
1220
1310
1311
1312
1313
1314
1315
1316
1402
41
221
311
401
491
582
905
948
1039
1130
1221
1310
1311
1312
1313
1314
1315
1316
1403
42
222
312
402
492
583
905
949
1040
1131
1222
1310
1311
1312
1313
1314
1315
1316
1404
43
223
313
403
493
584
905
950
1041
1132
1223
1310
1311
1312
1313
1314
1315
1316
1405
44
224
314
404
494
585
905
951
1042
1133
1224
1310
1311
1312
1313
1314
1315
1316
1406
45
225
315
405
495
586
905
952
1043
1134
1225
1310
1311
1312
1313
1314
1315
1316
1407
46
226
316
406
496
587
905
953
1044
1135
1226
1310
1311
1312
1313
1314
1315
1316
1317
1318
1319
1408
47
227
317
407
497
588
905
954
1045
1136
1227
1317
1318
1319
1409
48
228
318
408
498
589
905
955
1046
1137
1228
1317
1318
1319
1410
49
229
319
409
499
590
905
956
1047
1138
1229
1317
1318
1319
1320
1321
1322
1411
50
230
320
410
500
591
905
957
1048
1139
1230
1320
1321
1322
1412
51
231
321
411
501
592
905
958
1049
1140
1231
1320
1321
1322
1413
52
232
322
412
502
593
905
959
1050
1141
1232
1320
1321
1322
1323
1324
1325
1414
53
233
323
413
503
594
905
960
1051
1142
1233
1323
1324
1325
1415
54
234
324
414
504
595
905
961
1052
1143
1234
1323
1324
1325
1416
55
235
325
415
505
596
905
962
1053
1144
1235
1323
1324
1325
1326
1327
1328
1417
56
236
326
416
506
597
905
963
1054
1145
1236
1326
1327
1328
1418
57
237
327
417
507
598
905
964
1055
1146
1237
1326
1327
1328
1419
58
238
328
418
508
599
905
965
1056
1147
1238
1326
1327
1328
1329
1330
1331
1332
1333
1334
1335
1420
59
239
329
419
509
600
905
966
1057
1148
1239
1329
1330
1331
1332
1333
1334
1335
1421
60
240
330
420
510
601
905
967
1058
1149
1240
1329
1330
1331
1332
1333
1334
1335
1422
61
241
331
421
511
602
905
968
1059
1150
1241
1329
1330
1331
1332
1333
1334
1335
1423
62
242
332
422
512
603
905
969
1060
1151
1242
1329
1330
1331
1332
1333
1334
1335
1424
63
243
333
423
513
604
905
970
1061
1152
1243
1329
1330
1331
1332
1333
1334
1335
1425
64
244
334
424
514
605
905
971
1062
1153
1244
1329
1330
1331
1332
1333
1334
1335
1426
65
245
335
425
515
606
905
972
1063
1154
1245
1329
1330
1331
1332
1333
1334
1335
1336
1337
1338
1427
66
246
336
426
516
607
905
973
1064
1155
1246
1336
1337
1338
1428
67
247
337
427
517
608
905
974
1065
1156
1247
1336
1337
1338
1429
68
248
338
428
518
609
905
975
1066
1157
1248
1336
1337
1338
1339
1340
1341
1430
69
249
339
429
519
610
905
976
1067
1158
1249
1339
1340
1341
1431
70
250
340
430
520
611
905
977
1068
1159
1250
1339
1340
1341
1432
71
251
341
431
521
612
905
978
1069
1160
1251
1339
1340
1341
1342
1343
1344
1433
72
252
342
432
522
613
905
979
1070
1161
1252
1342
1343
1344
1434
73
253
343
433
523
614
905
980
1071
1162
1253
1342
1343
1344
1435
74
254
344
434
524
615
905
981
1072
1163
1254
1342
1343
1344
1345
1346
1347
1436
75
255
345
435
525
616
905
982
1073
1164
1255
1345
1346
1347
1437
76
256
346
436
526
617
905
983
1074
1165
1256
1345
1346
1347
1438
77
257
347
437
527
618
905
984
1075
1166
1257
1345
1346
1347
1348
1349
1350
1351
1352
1353
1354
1439
78
258
348
438
528
619
905
985
1076
1167
1258
1348
1349
1350
1351
1352
1353
1354
1440
79
259
349
439
529
620
905
986
1077
1168
1259
1348
1349
1350
1351
1352
1353
1354
1441
80
260
350
440
530
621
905
987
1078
1169
1260
1348
1349
1350
1351
1352
1353
1354
1442
81
261
351
441
531
622
905
988
1079
1170
1261
1348
1349
1350
1351
1352
1353
1354
1443
82
262
352
442
532
623
905
989
1080
1171
1262
1348
1349
1350
1351
1352
1353
1354
1444
83
263
353
443
533
624
905
990
1081
1172
1263
1348
1349
1350
1351
1352
1353
1354
1445
84
264
354
444
534
625
905
991
1082
1173
1264
1348
1349
1350
1351
1352
1353
1354
1355
1356
1357
1358
1359
1360
1361
1446
85
265
355
445
535
626
905
992
1083
1174
1265
1355
1356
1357
1358
1359
1360
1361
1447
86
266
356
446
536
627
905
993
1084
1175
1266
1355
1356
1357
1358
1359
1360
1361
1448
87
267
357
447
537
628
905
994
1085
1176
1267
1355
1356
1357
1358
1359
1360
1361
1449
88
268
358
448
538
629
905
995
1086
1177
1268
1355
1356
1357
1358
1359
1360
1361
1450
89
269
359
449
539
630
905
996
1087
1178
1269
1355
1356
1357
1358
1359
1360
1361
1451
90
270
360
450
540
631
905
997
1088
1179
1270
1355
1356
1357
1358
1359
1360
1361
1452
1
91
271
361
451
542
905
908
999
1090
1181
1272
1362
1363
1364
1365
1366
1367
1368
2
92
272
362
452
543
905
909
1000
1091
1182
1273
1362
1363
1364
1365
1366
1367
1368
3
93
273
363
453
544
905
910
1001
1092
1183
1274
1362
1363
1364
1365
1366
1367
1368
4
94
274
364
454
545
905
911
1002
1093
1184
1275
1362
1363
1364
1365
1366
1367
1368
5
95
275
365
455
546
905
912
1003
1094
1185
1276
1362
1363
1364
1365
1366
1367
1368
6
96
276
366
456
547
905
913
1004
1095
1186
1277
1362
1363
1364
1365
1366
1367
1368
7
97
277
367
457
548
905
914
1005
1096
1187
1278
1362
1363
1364
1365
1366
1367
1368
1369
1370
1371
8
98
278
368
458
549
905
915
1006
1097
1188
1279
1369
1370
1371
9
99
279
369
459
550
905
916
1007
1098
1189
1280
1369
1370
1371
10
100
280
370
460
551
905
917
1008
1099
1190
1281
1369
1370
1371
1372
1373
1374
11
101
281
371
461
552
905
918
1009
1100
1191
1282
1372
1373
1374
12
102
282
372
462
553
905
919
1010
1101
1192
1283
1372
1373
1374
13
103
283
373
463
554
905
920
1011
1102
1193
1284
1372
1373
1374
1375
1376
1377
14
104
284
374
464
555
905
921
1012
1103
1194
1285
1375
1376
1377
15
105
285
375
465
556
905
922
1013
1104
1195
1286
1375
1376
1377
16
106
286
376
466
557
905
923
1014
1105
1196
1287
1375
1376
1377
1378
1379
1380
17
107
287
377
467
558
905
924
1015
1106
1197
1288
1378
1379
1380
18
108
288
378
468
559
905
925
1016
1107
1198
1289
1378
1379
1380
19
109
289
379
469
560
905
926
1017
1108
1199
1290
1378
1379
1380
1381
1382
1383
1384
1385
1386
1387
1388
20
110
290
380
470
561
905
927
1018
1109
1200
1291
1381
1382
1383
1384
1385
1386
1387
1388
21
111
291
381
471
562
905
928
1019
1110
1201
1292
1381
1382
1383
1384
1385
1386
1387
1388
22
112
292
382
472
563
905
929
1020
1111
1202
1293
1381
1382
1383
1384
1385
1386
1387
1388
23
113
293
383
473
564
905
930
1021
1112
1203
1294
1381
1382
1383
1384
1385
1386
1387
1388
24
114
294
384
474
565
905
931
1022
1113
1204
1295
1381
1382
1383
1384
1385
1386
1387
1388
25
115
295
385
475
566
905
932
1023
1114
1205
1296
1381
1382
1383
1384
1385
1386
1387
1388
26
116
296
386
476
567
905
933
1024
1115
1206
1297
1381
1382
1383
1384
1385
1386
1387
1388
27
117
297
387
477
568
905
934
1025
1116
1207
1298
1381
1382
1383
1384
1385
1386
1387
1388
1389
1390
1391
28
118
298
388
478
569
905
935
1026
1117
1208
1299
1389
1390
1391
29
119
299
389
479
570
905
936
1027
1118
1209
1300
1389
1390
1391
30
120
300
390
480
571
905
937
1028
1119
1210
1301
1389
1390
1391
1392
1393
1394
31
121
301
391
481
572
905
938
1029
1120
1211
1302
1392
1393
1394
32
122
302
392
482
573
905
939
1030
1121
1212
1303
1392
1393
1394
33
123
303
393
483
574
905
940
1031
1122
1213
1304
1392
1393
1394
1395
1396
1397
34
124
304
394
484
575
905
941
1032
1123
1214
1305
1395
1396
1397
35
125
305
395
485
576
905
942
1033
1124
1215
1306
1395
1396
1397
36
126
306
396
486
577
905
943
1034
1125
1216
1307
1395
1396
1397
1398
1399
1400
37
127
307
397
487
578
905
944
1035
1126
1217
1308
1398
1399
1400
38
128
308
398
488
579
905
945
1036
1127
1218
1309
1398
1399
1400
39
129
309
399
489
580
905
946
1037
1128
1219
1310
1398
1399
1400
1401
1402
1403
1404
1405
1406
1407
40
130
310
400
490
581
905
947
1038
1129
1220
1311
1401
1402
1403
1404
1405
1406
1407
41
131
311
401
491
582
905
948
1039
1130
1221
1312
1401
1402
1403
1404
1405
1406
1407
42
132
312
402
492
583
905
949
1040
1131
1222
1313
1401
1402
1403
1404
1405
1406
1407
43
133
313
403
493
584
905
950
1041
1132
1223
1314
1401
1402
1403
1404
1405
1406
1407
44
134
314
404
494
585
905
951
1042
1133
1224
1315
1401
1402
1403
1404
1405
1406
1407
45
135
315
405
495
586
905
952
1043
1134
1225
1316
1401
1402
1403
1404
1405
1406
1407
46
136
316
406
496
587
905
953
1044
1135
1226
1317
1401
1402
1403
1404
1405
1406
1407
1408
1409
1410
47
137
317
407
497
588
905
954
1045
1136
1227
1318
1408
1409
1410
48
138
318
408
498
589
905
955
1046
1137
1228
1319
1408
1409
1410
49
139
319
409
499
590
905
956
1047
1138
1229
1320
1408
1409
1410
1411
1412
1413
50
140
320
410
500
591
905
957
1048
1139
1230
1321
1411
1412
1413
51
141
321
411
501
592
905
958
1049
1140
1231
1322
1411
1412
1413
52
142
322
412
502
593
905
959
1050
1141
1232
1323
1411
1412
1413
1414
1415
1416
53
143
323
413
503
594
905
960
1051
1142
1233
1324
1414
1415
1416
54
144
324
414
504
595
905
961
1052
1143
1234
1325
1414
1415
1416
55
145
325
415
505
596
905
962
1053
1144
1235
1326
1414
1415
1416
1417
1418
1419
56
146
326
416
506
597
905
963
1054
1145
1236
1327
1417
1418
1419
57
147
327
417
507
598
905
964
1055
1146
1237
1328
1417
1418
1419
58
148
328
418
508
599
905
965
1056
1147
1238
1329
1417
1418
1419
1420
1421
1422
1423
1424
1425
1426
59
149
329
419
509
600
905
966
1057
1148
1239
1330
1420
1421
1422
1423
1424
1425
1426
60
150
330
420
510
601
905
967
1058
1149
1240
1331
1420
1421
1422
1423
1424
1425
1426
61
151
331
421
511
602
905
968
1059
1150
1241
1332
1420
1421
1422
1423
1424
1425
1426
62
152
332
422
512
603
905
969
1060
1151
1242
1333
1420
1421
1422
1423
1424
1425
1426
63
153
333
423
513
604
905
970
1061
1152
1243
1334
1420
1421
1422
1423
1424
1425
1426
64
154
334
424
514
605
905
971
1062
1153
1244
1335
1420
1421
1422
1423
1424
1425
1426
65
155
335
425
515
606
905
972
1063
1154
1245
1336
1420
1421
1422
1423
1424
1425
1426
1427
1428
1429
66
156
336
426
516
607
905
973
1064
1155
1246
1337
1427
1428
1429
67
157
337
427
517
608
905
974
1065
1156
1247
1338
1427
1428
1429
68
158
338
428
518
609
905
975
1066
1157
1248
1339
1427
1428
1429
1430
1431
1432
69
159
339
429
519
610
905
976
1067
1158
1249
1340
1430
1431
1432
70
160
340
430
520
611
905
977
1068
1159
1250
1341
1430
1431
1432
71
161
341
431
521
612
905
978
1069
1160
1251
1342
1430
1431
1432
1433
1434
1435
72
162
342
432
522
613
905
979
1070
1161
1252
1343
1433
1434
1435
73
163
343
433
523
614
905
980
1071
1162
1253
1344
1433
1434
1435
74
164
344
434
524
615
905
981
1072
1163
1254
1345
1433
1434
1435
1436
1437
1438
75
165
345
435
525
616
905
982
1073
1164
1255
1346
1436
1437
1438
76
166
346
436
526
617
905
983
1074
1165
1256
1347
1436
1437
1438
77
167
347
437
527
618
905
984
1075
1166
1257
1348
1436
1437
1438
1439
1440
1441
1442
1443
1444
1445
78
168
348
438
528
619
905
985
1076
1167
1258
1349
1439
1440
1441
1442
1443
1444
1445
79
169
349
439
529
620
905
986
1077
1168
1259
1350
1439
1440
1441
1442
1443
1444
1445
80
170
350
440
530
621
905
987
1078
1169
1260
1351
1439
1440
1441
1442
1443
1444
1445
81
171
351
441
531
622
905
988
1079
1170
1261
1352
1439
1440
1441
1442
1443
1444
1445
82
172
352
442
532
623
905
989
1080
1171
1262
1353
1439
1440
1441
1442
1443
1444
1445
83
173
353
443
533
624
905
990
1081
1172
1263
1354
1439
1440
1441
1442
1443
1444
1445
84
174
354
444
534
625
905
991
1082
1173
1264
1355
1439
1440
1441
1442
1443
1444
1445
1446
1447
1448
1449
1450
1451
1452
85
175
355
445
535
626
905
992
1083
1174
1265
1356
1446
1447
1448
1449
1450
1451
1452
86
176
356
446
536
627
905
993
1084
1175
1266
1357
1446
1447
1448
1449
1450
1451
1452
87
177
357
447
537
628
905
994
1085
1176
1267
1358
1446
1447
1448
1449
1450
1451
1452
88
178
358
448
538
629
905
995
1086
1177
1268
1359
1446
1447
1448
1449
1450
1451
1452
89
179
359
449
539
630
905
996
1087
1178
1269
1360
1446
1447
1448
1449
1450
1451
1452
90
180
360
450
540
631
905
997
1088
1179
1270
1361
1446
1447
1448
1449
1450
1451
1452
541
1453
271
361
451
542
905
908
999
1090
1454
272
362
452
543
905
909
1000
1091
1455
273
363
453
544
905
910
1001
1092
1456
274
364
454
545
905
911
1002
1093
1457
275
365
455
546
905
912
1003
1094
1458
276
366
456
547
905
913
1004
1095
1459
277
367
457
548
905
914
1005
1096
1460
278
368
458
549
905
915
1006
1097
1461
279
369
459
550
905
916
1007
1098
1462
280
370
460
551
905
917
1008
1099
1463
281
371
461
552
905
918
1009
1100
1464
282
372
462
553
905
919
1010
1101
1465
283
373
463
554
905
920
1011
1102
1466
284
374
464
555
905
921
1012
1103
1467
285
375
465
556
905
922
1013
1104
1468
286
376
466
557
905
923
1014
1105
1469
287
377
467
558
905
924
1015
1106
1470
288
378
468
559
905
925
1016
1107
1471
289
379
469
560
905
926
1017
1108
1472
290
380
470
561
905
927
1018
1109
1473
291
381
471
562
905
928
1019
1110
1474
292
382
472
563
905
929
1020
1111
1475
293
383
473
564
905
930
1021
1112
1476
294
384
474
565
905
931
1022
1113
1477
295
385
475
566
905
932
1023
1114
1478
296
386
476
567
905
933
1024
1115
1479
297
387
477
568
905
934
1025
1116
1480
298
388
478
569
905
935
1026
1117
1481
299
389
479
570
905
936
1027
1118
1482
300
390
480
571
905
937
1028
1119
1483
301
391
481
572
905
938
1029
1120
1484
302
392
482
573
905
939
1030
1121
1485
303
393
483
574
905
940
1031
1122
1486
304
394
484
575
905
941
1032
1123
1487
305
395
485
576
905
942
1033
1124
1488
306
396
486
577
905
943
1034
1125
1489
307
397
487
578
905
944
1035
1126
1490
308
398
488
579
905
945
1036
1127
1491
309
399
489
580
905
946
1037
1128
1492
310
400
490
581
905
947
1038
1129
1493
311
401
491
582
905
948
1039
1130
1494
312
402
492
583
905
949
1040
1131
1495
313
403
493
584
905
950
1041
1132
1496
314
404
494
585
905
951
1042
1133
1497
315
405
495
586
905
952
1043
1134
1498
316
406
496
587
905
953
1044
1135
1499
317
407
497
588
905
954
1045
1136
1500
318
408
498
589
905
955
1046
1137
1501
319
409
499
590
905
956
1047
1138
1502
320
410
500
591
905
957
1048
1139
1503
321
411
501
592
905
958
1049
1140
1504
322
412
502
593
905
959
1050
1141
1505
323
413
503
594
905
960
1051
1142
1506
324
414
504
595
905
961
1052
1143
1507
325
415
505
596
905
962
1053
1144
1508
326
416
506
597
905
963
1054
1145
1509
327
417
507
598
905
964
1055
1146
1510
328
418
508
599
905
965
1056
1147
1511
329
419
509
600
905
966
1057
1148
1512
330
420
510
601
905
967
1058
1149
1513
331
421
511
602
905
968
1059
1150
1514
332
422
512
603
905
969
1060
1151
1515
333
423
513
604
905
970
1061
1152
1516
334
424
514
605
905
971
1062
1153
1517
335
425
515
606
905
972
1063
1154
1518
336
426
516
607
905
973
1064
1155
1519
337
427
517
608
905
974
1065
1156
1520
338
428
518
609
905
975
1066
1157
1521
339
429
519
610
905
976
1067
1158
1522
340
430
520
611
905
977
1068
1159
1523
341
431
521
612
905
978
1069
1160
1524
342
432
522
613
905
979
1070
1161
1525
343
433
523
614
905
980
1071
1162
1526
344
434
524
615
905
981
1072
1163
1527
345
435
525
616
905
982
1073
1164
1528
346
436
526
617
905
983
1074
1165
1529
347
437
527
618
905
984
1075
1166
1530
348
438
528
619
905
985
1076
1167
1531
349
439
529
620
905
986
1077
1168
1532
350
440
530
621
905
987
1078
1169
1533
351
441
531
622
905
988
1079
1170
1534
352
442
532
623
905
989
1080
1171
1535
353
443
533
624
905
990
1081
1172
1536
354
444
534
625
905
991
1082
1173
1537
355
445
535
626
905
992
1083
1174
1538
356
446
536
627
905
993
1084
1175
1539
357
447
537
628
905
994
1085
1176
1540
358
448
538
629
905
995
1086
1177
1541
359
449
539
630
905
996
1087
1178
1542
360
450
540
631
905
997
1088
1179
1543
632
905
1180
633
905
1181
634
905
1182
635
905
1183
636
905
1184
637
905
1185
638
905
1186
639
905
1187
640
905
1188
641
905
1189
642
905
1190
643
905
1191
644
905
1192
645
905
1193
646
905
1194
647
905
1195
648
905
1196
649
905
1197
650
905
1198
651
905
1199
652
905
1200
653
905
1201
654
905
1202
655
905
1203
656
905
1204
657
905
1205
658
905
1206
659
905
1207
660
905
1208
661
905
1209
662
905
1210
663
905
1211
664
905
1212
665
905
1213
666
905
1214
667
905
1215
668
905
1216
669
905
1217
670
905
1218
671
905
1219
672
905
1220
673
905
1221
674
905
1222
675
905
1223
676
905
1224
677
905
1225
678
905
1226
679
905
1227
680
905
1228
681
905
1229
682
905
1230
683
905
1231
684
905
1232
685
905
1233
686
905
1234
687
905
1235
688
905
1236
689
905
1237
690
905
1238
691
905
1239
692
905
1240
693
905
1241
694
905
1242
695
905
1243
696
905
1244
697
905
1245
698
905
1246
699
905
1247
700
905
1248
701
905
1249
702
905
1250
703
905
1251
704
905
1252
705
905
1253
706
905
1254
707
905
1255
708
905
1256
709
905
1257
710
905
1258
711
905
1259
712
905
1260
713
905
1261
714
905
1262
715
905
1263
716
905
1264
717
905
1265
718
905
1266
719
905
1267
720
905
1268
721
905
1269
722
905
1270
723
905
1271
724
905
1272
725
905
1273
726
905
1274
727
905
1275
728
905
1276
729
905
1277
730
905
1278
731
905
1279
732
905
1280
733
905
1281
734
905
1282
735
905
1283
736
905
1284
737
905
1285
738
905
1286
739
905
1287
740
905
1288
741
905
1289
742
905
1290
743
905
1291
744
905
1292
745
905
1293
746
905
1294
747
905
1295
748
905
1296
749
905
1297
750
905
1298
751
905
1299
752
905
1300
753
905
1301
754
905
1302
755
905
1303
756
905
1304
757
905
1305
758
905
1306
759
905
1307
760
905
1308
761
905
1309
762
905
1310
763
905
1311
764
905
1312
765
905
1313
766
905
1314
767
905
1315
768
905
1316
769
905
1317
770
905
1318
771
905
1319
772
905
1320
773
905
1321
774
905
1322
775
905
1323
776
905
1324
777
905
1325
778
905
1326
779
905
1327
780
905
1328
781
905
1329
782
905
1330
783
905
1331
784
905
1332
785
905
1333
786
905
1334
787
905
1335
788
905
1336
789
905
1337
790
905
1338
791
905
1339
792
905
1340
793
905
1341
794
905
1342
795
905
1343
796
905
1344
797
905
1345
798
905
1346
799
905
1347
800
905
1348
801
905
1349
802
905
1350
803
905
1351
804
905
1352
805
905
1353
806
905
1354
807
905
1355
808
905
1356
809
905
1357
810
905
1358
811
905
1359
812
905
1360
813
905
1361
814
905
1362
815
905
1363
816
905
1364
817
905
1365
818
905
1366
819
905
1367
820
905
1368
821
905
1369
822
905
1370
823
905
1371
824
905
1372
825
905
1373
826
905
1374
827
905
1375
828
905
1376
829
905
1377
830
905
1378
831
905
1379
832
905
1380
833
905
1381
834
905
1382
835
905
1383
836
905
1384
837
905
1385
838
905
1386
839
905
1387
840
905
1388
841
905
1389
842
905
1390
843
905
1391
844
905
1392
845
905
1393
846
905
1394
847
905
1395
848
905
1396
849
905
1397
850
905
1398
851
905
1399
852
905
1400
853
905
1401
854
905
1402
855
905
1403
856
905
1404
857
905
1405
858
905
1406
859
905
1407
860
905
1408
861
905
1409
862
905
1410
863
905
1411
864
905
1412
865
905
1413
866
905
1414
867
905
1415
868
905
1416
869
905
1417
870
905
1418
871
905
1419
872
905
1420
873
905
1421
874
905
1422
875
905
1423
876
905
1424
877
905
1425
878
905
1426
879
905
1427
880
905
1428
881
905
1429
882
905
1430
883
905
1431
884
905
1432
885
905
1433
886
905
1434
887
905
1435
888
905
1436
889
905
1437
890
905
1438
891
905
1439
892
905
1440
893
905
1441
894
905
1442
895
905
1443
896
905
1444
897
905
1445
898
905
1446
899
905
1447
900
905
1448
901
905
1449
902
905
1450
903
905
1451
904
905
1452
1
2
3
4
5
6
7
8
9
10
11
12
13
14
15
16
17
18
19
20
21
22
23
24
25
26
27
28
29
30
31
32
33
34
35
36
37
38
39
40
41
42
43
44
45
46
47
48
49
50
51
52
53
54
55
56
57
58
59
60
61
62
63
64
65
66
67
68
69
70
71
72
73
74
75
76
77
78
79
80
81
82
83
84
85
86
87
88
89
90
91
92
93
94
95
96
97
98
99
100
101
102
103
104
105
106
107
108
109
110
111
112
113
114
115
116
117
118
119
120
121
122
123
124
125
126
127
128
129
130
131
132
133
134
135
136
137
138
139
140
141
142
143
144
145
146
147
148
149
150
151
152
153
154
155
156
157
158
159
160
161
162
163
164
165
166
167
168
169
170
171
172
173
174
175
176
177
178
179
180
181
182
183
184
185
186
187
188
189
190
191
192
193
194
195
196
197
198
199
200
201
202
203
204
205
206
207
208
209
210
211
212
213
214
215
216
217
218
219
220
221
222
223
224
225
226
227
228
229
230
231
232
233
234
235
236
237
238
239
240
241
242
243
244
245
246
247
248
249
250
251
252
253
254
255
256
257
258
259
260
261
262
263
264
265
266
267
268
269
270
271
272
273
274
275
276
277
278
279
280
281
282
283
284
285
286
287
288
289
290
291
292
293
294
295
296
297
298
299
300
301
302
303
304
305
306
307
308
309
310
311
312
313
314
315
316
317
318
319
320
321
322
323
324
325
326
327
328
329
330
331
332
333
334
335
336
337
338
339
340
341
342
343
344
345
346
347
348
349
350
351
352
353
354
355
356
357
358
359
360
361
362
363
364
365
366
367
368
369
370
371
372
373
374
375
376
377
378
379
380
381
382
383
384
385
386
387
388
389
390
391
392
393
394
395
396
397
398
399
400
401
402
403
404
405
406
407
408
409
410
411
412
413
414
415
416
417
418
419
420
421
422
423
424
425
426
427
428
429
430
431
432
433
434
435
436
437
438
439
440
441
442
443
444
445
446
447
448
449
450
451
452
453
454
455
456
457
458
459
460
461
462
463
464
465
466
467
468
469
470
471
472
473
474
475
476
477
478
479
480
481
482
483
484
485
486
487
488
489
490
491
492
493
494
495
496
497
498
499
500
501
502
503
504
505
506
507
508
509
510
511
512
513
514
515
516
517
518
519
520
521
522
523
524
525
526
527
528
529
530
531
532
533
534
535
536
537
538
539
540
542
543
544
545
546
547
548
549
550
551
552
553
554
555
556
557
558
559
560
561
562
563
564
565
566
567
568
569
570
571
572
573
574
575
576
577
578
579
580
581
582
583
584
585
586
587
588
589
590
591
592
593
594
595
596
597
598
599
600
601
602
603
604
605
606
607
608
609
610
611
612
613
614
615
616
617
618
619
620
621
622
623
624
625
626
627
628
629
630
631
632
633
634
635
636
637
638
639
640
641
642
643
644
645
646
647
648
649
650
651
652
653
654
655
656
657
658
659
660
661
662
663
664
665
666
667
668
669
670
671
672
673
674
675
676
677
678
679
680
681
682
683
684
685
686
687
688
689
690
691
692
693
694
695
696
697
698
699
700
701
702
703
704
705
706
707
708
709
710
711
712
713
714
715
716
717
718
719
720
721
722
723
724
725
726
727
728
729
730
731
732
733
734
735
736
737
738
739
740
741
742
743
744
745
746
747
748
749
750
751
752
753
754
755
756
757
758
759
760
761
762
763
764
765
766
767
768
769
770
771
772
773
774
775
776
777
778
779
780
781
782
783
784
785
786
787
788
789
790
791
792
793
794
795
796
797
798
799
800
801
802
803
804
805
806
807
808
809
810
811
812
813
814
815
816
817
818
819
820
821
822
823
824
825
826
827
828
829
830
831
832
833
834
835
836
837
838
839
840
841
842
843
844
845
846
847
848
849
850
851
852
853
854
855
856
857
858
859
860
861
862
863
864
865
866
867
868
869
870
871
872
873
874
875
876
877
878
879
880
881
882
883
884
885
886
887
888
889
890
891
892
893
894
895
896
897
898
899
900
901
902
903
904
905
908
909
910
911
912
913
914
915
916
917
918
919
920
921
922
923
924
925
926
927
928
929
930
931
932
933
934
935
936
937
938
939
940
941
942
943
944
945
946
947
948
949
950
951
952
953
954
955
956
957
958
959
960
961
962
963
964
965
966
967
968
969
970
971
972
973
974
975
976
977
978
979
980
981
982
983
984
985
986
987
988
989
990
991
992
993
994
995
996
997
999
1000
1001
1002
1003
1004
1005
1006
1007
1008
1009
1010
1011
1012
1013
1014
1015
1016
1017
1018
1019
1020
1021
1022
1023
1024
1025
1026
1027
1028
1029
1030
1031
1032
1033
1034
1035
1036
1037
1038
1039
1040
1041
1042
1043
1044
1045
1046
1047
1048
1049
1050
1051
1052
1053
1054
1055
1056
1057
1058
1059
1060
1061
1062
1063
1064
1065
1066
1067
1068
1069
1070
1071
1072
1073
1074
1075
1076
1077
1078
1079
1080
1081
1082
1083
1084
1085
1086
1087
1088
1090
1091
1092
1093
1094
1095
1096
1097
1098
1099
1100
1101
1102
1103
1104
1105
1106
1107
1108
1109
1110
1111
1112
1113
1114
1115
1116
1117
1118
1119
1120
1121
1122
1123
1124
1125
1126
1127
1128
1129
1130
1131
1132
1133
1134
1135
1136
1137
1138
1139
1140
1141
1142
1143
1144
1145
1146
1147
1148
1149
1150
1151
1152
1153
1154
1155
1156
1157
1158
1159
1160
1161
1162
1163
1164
1165
1166
1167
1168
1169
1170
1171
1172
1173
1174
1175
1176
1177
1178
1179
1180
1181
1182
1183
1184
1185
1186
1187
1188
1189
1190
1191
1192
1193
1194
1195
1196
1197
1198
1199
1200
1201
1202
1203
1204
1205
1206
1207
1208
1209
1210
1211
1212
1213
1214
1215
1216
1217
1218
1219
1220
1221
1222
1223
1224
1225
1226
1227
1228
1229
1230
1231
1232
1233
1234
1235
1236
1237
1238
1239
1240
1241
1242
1243
1244
1245
1246
1247
1248
1249
1250
1251
1252
1253
1254
1255
1256
1257
1258
1259
1260
1261
1262
1263
1264
1265
1266
1267
1268
1269
1270
1271
1272
1273
1274
1275
1276
1277
1278
1279
1280
1281
1282
1283
1284
1285
1286
1287
1288
1289
1290
1291
1292
1293
1294
1295
1296
1297
1298
1299
1300
1301
1302
1303
1304
1305
1306
1307
1308
1309
1310
1311
1312
1313
1314
1315
1316
1317
1318
1319
1320
1321
1322
1323
1324
1325
1326
1327
1328
1329
1330
1331
1332
1333
1334
1335
1336
1337
1338
1339
1340
1341
1342
1343
1344
1345
1346
1347
1348
1349
1350
1351
1352
1353
1354
1355
1356
1357
1358
1359
1360
1361
1362
1363
1364
1365
1366
1367
1368
1369
1370
1371
1372
1373
1374
1375
1376
1377
1378
1379
1380
1381
1382
1383
1384
1385
1386
1387
1388
1389
1390
1391
1392
1393
1394
1395
1396
1397
1398
1399
1400
1401
1402
1403
1404
1405
1406
1407
1408
1409
1410
1411
1412
1413
1414
1415
1416
1417
1418
1419
1420
1421
1422
1423
1424
1425
1426
1427
1428
1429
1430
1431
1432
1433
1434
1435
1436
1437
1438
1439
1440
1441
1442
1443
1444
1445
1446
1447
1448
1449
1450
1451
1452
1544
906
1544
1
2
3
4
5
6
7
1
2
3
4
5
6
7
91
181
271
361
451
542
905
1
2
3
4
5
6
7
92
182
272
362
452
543
905
1
2
3
4
5
6
7
93
183
273
363
453
544
905
1
2
3
4
5
6
7
94
184
274
364
454
545
905
1
2
3
4
5
6
7
95
185
275
365
455
546
905
1
2
3
4
5
6
7
96
186
276
366
456
547
905
7
8
9
10
97
187
277
367
457
548
905
7
8
9
10
98
188
278
368
458
549
905
7
8
9
10
99
189
279
369
459
550
905
10
11
12
13
100
190
280
370
460
551
905
10
11
12
13
101
191
281
371
461
552
905
10
11
12
13
102
192
282
372
462
553
905
13
14
15
16
103
193
283
373
463
554
905
13
14
15
16
104
194
284
374
464
555
905
13
14
15
16
105
195
285
375
465
556
905
16
17
18
19
106
196
286
376
466
557
905
16
17
18
19
107
197
287
377
467
558
905
16
17
18
19
108
198
288
378
468
559
905
19
20
21
22
23
24
25
26
27
109
199
289
379
469
560
905
19
20
21
22
23
24
25
26
27
110
200
290
380
470
561
905
19
20
21
22
23
24
25
26
27
111
201
291
381
471
562
905
19
20
21
22
23
24
25
26
27
112
202
292
382
472
563
905
19
20
21
22
23
24
25
26
27
113
203
293
383
473
564
905
19
20
21
22
23
24
25
26
27
114
204
294
384
474
565
905
19
20
21
22
23
24
25
26
27
115
205
295
385
475
566
905
19
20
21
22
23
24
25
26
27
116
206
296
386
476
567
905
27
28
29
30
117
207
297
387
477
568
905
27
28
29
30
118
208
298
388
478
569
905
27
28
29
30
119
209
299
389
479
570
905
30
31
32
33
120
210
300
390
480
571
905
30
31
32
33
121
211
301
391
481
572
905
30
31
32
33
122
212
302
392
482
573
905
33
34
35
36
123
213
303
393
483
574
905
33
34
35
36
124
214
304
394
484
575
905
33
34
35
36
125
215
305
395
485
576
905
36
37
38
39
126
216
306
396
486
577
905
36
37
38
39
127
217
307
397
487
578
905
36
37
38
39
128
218
308
398
488
579
905
39
40
41
42
43
44
45
46
129
219
309
399
489
580
905
39
40
41
42
43
44
45
46
130
220
310
400
490
581
905
39
40
41
42
43
44
45
46
131
221
311
401
491
582
905
39
40
41
42
43
44
45
46
132
222
312
402
492
583
905
39
40
41
42
43
44
45
46
133
223
313
403
493
584
905
39
40
41
42
43
44
45
46
134
224
314
404
494
585
905
39
40
41
42
43
44
45
46
135
225
315
405
495
586
905
46
47
48
49
136
226
316
406
496
587
905
46
47
48
49
137
227
317
407
497
588
905
46
47
48
49
138
228
318
408
498
589
905
49
50
51
52
139
229
319
409
499
590
905
49
50
51
52
140
230
320
410
500
591
905
49
50
51
52
141
231
321
411
501
592
905
52
53
54
55
142
232
322
412
502
593
905
52
53
54
55
143
233
323
413
503
594
905
52
53
54
55
144
234
324
414
504
595
905
55
56
57
58
145
235
325
415
505
596
905
55
56
57
58
146
236
326
416
506
597
905
55
56
57
58
147
237
327
417
507
598
905
58
59
60
61
62
63
64
65
148
238
328
418
508
599
905
58
59
60
61
62
63
64
65
149
239
329
419
509
600
905
58
59
60
61
62
63
64
65
150
240
330
420
510
601
905
58
59
60
61
62
63
64
65
151
241
331
421
511
602
905
58
59
60
61
62
63
64
65
152
242
332
422
512
603
905
58
59
60
61
62
63
64
65
153
243
333
423
513
604
905
58
59
60
61
62
63
64
65
154
244
334
424
514
605
905
65
66
67
68
155
245
335
425
515
606
905
65
66
67
68
156
246
336
426
516
607
905
65
66
67
68
157
247
337
427
517
608
905
68
69
70
71
158
248
338
428
518
609
905
68
69
70
71
159
249
339
429
519
610
905
68
69
70
71
160
250
340
430
520
611
905
71
72
73
74
161
251
341
431
521
612
905
71
72
73
74
162
252
342
432
522
613
905
71
72
73
74
163
253
343
433
523
614
905
74
75
76
77
164
254
344
434
524
615
905
74
75
76
77
165
255
345
435
525
616
905
74
75
76
77
166
256
346
436
526
617
905
77
78
79
80
81
82
83
84
167
257
347
437
527
618
905
77
78
79
80
81
82
83
84
168
258
348
438
528
619
905
77
78
79
80
81
82
83
84
169
259
349
439
529
620
905
77
78
79
80
81
82
83
84
170
260
350
440
530
621
905
77
78
79
80
81
82
83
84
171
261
351
441
531
622
905
77
78
79
80
81
82
83
84
172
262
352
442
532
623
905
77
78
79
80
81
82
83
84
173
263
353
443
533
624
905
84
85
86
87
88
89
90
174
264
354
444
534
625
905
84
85
86
87
88
89
90
175
265
355
445
535
626
905
84
85
86
87
88
89
90
176
266
356
446
536
627
905
84
85
86
87
88
89
90
177
267
357
447
537
628
905
84
85
86
87
88
89
90
178
268
358
448
538
629
905
84
85
86
87
88
89
90
179
269
359
449
539
630
905
84
85
86
87
88
89
90
180
270
360
450
540
631
905
91
92
93
94
95
96
97
1
91
92
93
94
95
96
97
181
271
361
451
542
905
2
91
92
93
94
95
96
97
182
272
362
452
543
905
3
91
92
93
94
95
96
97
183
273
363
453
544
905
4
91
92
93
94
95
96
97
184
274
364
454
545
905
5
91
92
93
94
95
96
97
185
275
365
455
546
905
6
91
92
93
94
95
96
97
186
276
366
456
547
905
7
97
98
99
100
187
277
367
457
548
905
8
97
98
99
100
188
278
368
458
549
905
9
97
98
99
100
189
279
369
459
550
905
10
100
101
102
103
190
280
370
460
551
905
11
100
101
102
103
191
281
371
461
552
905
12
100
101
102
103
192
282
372
462
553
905
13
103
104
105
106
193
283
373
463
554
905
14
103
104
105
106
194
284
374
464
555
905
15
103
104
105
106
195
285
375
465
556
905
16
106
107
108
109
196
286
376
466
557
905
17
106
107
108
109
197
287
377
467
558
905
18
106
107
108
109
198
288
378
468
559
905
19
109
110
111
112
113
114
115
116
117
199
289
379
469
560
905
20
109
110
111
112
113
114
115
116
117
200
290
380
470
561
905
21
109
110
111
112
113
114
115
116
117
201
291
381
471
562
905
22
109
110
111
112
113
114
115
116
117
202
292
382
472
563
905
23
109
110
111
112
113
114
115
116
117
203
293
383
473
564
905
24
109
110
111
112
113
114
115
116
117
204
294
384
474
565
905
25
109
110
111
112
113
114
115
116
117
205
295
385
475
566
905
26
109
110
111
112
113
114
115
116
117
206
296
386
476
567
905
27
117
118
119
120
207
297
387
477
568
905
28
117
118
119
120
208
298
388
478
569
905
29
117
118
119
120
209
299
389
479
570
905
30
120
121
122
123
210
300
390
480
571
905
31
120
121
122
123
211
301
391
481
572
905
32
120
121
122
123
212
302
392
482
573
905
33
123
124
125
126
213
303
393
483
574
905
34
123
124
125
126
214
304
394
484
575
905
35
123
124
125
126
215
305
395
485
576
905
36
126
127
128
129
216
306
396
486
577
905
37
126
127
128
129
217
307
397
487
578
905
38
126
127
128
129
218
308
398
488
579
905
39
129
130
131
132
133
134
135
136
219
309
399
489
580
905
40
129
130
131
132
133
134
135
136
220
310
400
490
581
905
41
129
130
131
132
133
134
135
136
221
311
401
491
582
905
42
129
130
131
132
133
134
135
136
222
312
402
492
583
905
43
129
130
131
132
133
134
135
136
223
313
403
493
584
905
44
129
130
131
132
133
134
135
136
224
314
404
494
585
905
45
129
130
131
132
133
134
135
136
225
315
405
495
586
905
46
136
137
138
139
226
316
406
496
587
905
47
136
137
138
139
227
317
407
497
588
905
48
136
137
138
139
228
318
408
498
589
905
49
139
140
141
142
229
319
409
499
590
905
50
139
140
141
142
230
320
410
500
591
905
51
139
140
141
142
231
321
411
501
592
905
52
142
143
144
145
232
322
412
502
593
905
53
142
143
144
145
233
323
413
503
594
905
54
142
143
144
145
234
324
414
504
595
905
55
145
146
147
148
235
325
415
505
596
905
56
145
146
147
148
236
326
416
506
597
905
57
145
146
147
148
237
327
417
507
598
905
58
148
149
150
151
152
153
154
155
238
328
418
508
599
905
59
148
149
150
151
152
153
154
155
239
329
419
509
600
905
60
148
149
150
151
152
153
154
155
240
330
420
510
601
905
61
148
149
150
151
152
153
154
155
241
331
421
511
602
905
62
148
149
150
151
152
153
154
155
242
332
422
512
603
905
63
148
149
150
151
152
153
154
155
243
333
423
513
604
905
64
148
149
150
151
152
153
154
155
244
334
424
514
605
905
65
155
156
157
158
245
335
425
515
606
905
66
155
156
157
158
246
336
426
516
607
905
67
155
156
157
158
247
337
427
517
608
905
68
158
159
160
161
248
338
428
518
609
905
69
158
159
160
161
249
339
429
519
610
905
70
158
159
160
161
250
340
430
520
611
905
71
161
162
163
164
251
341
431
521
612
905
72
161
162
163
164
252
342
432
522
613
905
73
161
162
163
164
253
343
433
523
614
905
74
164
165
166
167
254
344
434
524
615
905
75
164
165
166
167
255
345
435
525
616
905
76
164
165
166
167
256
346
436
526
617
905
77
167
168
169
170
171
172
173
174
257
347
437
527
618
905
78
167
168
169
170
171
172
173
174
258
348
438
528
619
905
79
167
168
169
170
171
172
173
174
259
349
439
529
620
905
80
167
168
169
170
171
172
173
174
260
350
440
530
621
905
81
167
168
169
170
171
172
173
174
261
351
441
531
622
905
82
167
168
169
170
171
172
173
174
262
352
442
532
623
905
83
167
168
169
170
171
172
173
174
263
353
443
533
624
905
84
174
175
176
177
178
179
180
264
354
444
534
625
905
85
174
175
176
177
178
179
180
265
355
445
535
626
905
86
174
175
176
177
178
179
180
266
356
446
536
627
905
87
174
175
176
177
178
179
180
267
357
447
537
628
905
88
174
175
176
177
178
179
180
268
358
448
538
629
905
89
174
175
176
177
178
179
180
269
359
449
539
630
905
90
174
175
176
177
178
179
180
270
360
450
540
631
905
181
182
183
184
185
186
187
1
91
181
182
183
184
185
186
187
271
361
451
542
905
2
92
181
182
183
184
185
186
187
272
362
452
543
905
3
93
181
182
183
184
185
186
187
273
363
453
544
905
4
94
181
182
183
184
185
186
187
274
364
454
545
905
5
95
181
182
183
184
185
186
187
275
365
455
546
905
6
96
181
182
183
184
185
186
187
276
366
456
547
905
7
97
187
188
189
190
277
367
457
548
905
8
98
187
188
189
190
278
368
458
549
905
9
99
187
188
189
190
279
369
459
550
905
10
100
190
191
192
193
280
370
460
551
905
11
101
190
191
192
193
281
371
461
552
905
12
102
190
191
192
193
282
372
462
553
905
13
103
193
194
195
196
283
373
463
554
905
14
104
193
194
195
196
284
374
464
555
905
15
105
193
194
195
196
285
375
465
556
905
16
106
196
197
198
199
286
376
466
557
905
17
107
196
197
198
199
287
377
467
558
905
18
108
196
197
198
199
288
378
468
559
905
19
109
199
200
201
202
203
204
205
206
207
289
379
469
560
905
20
110
199
200
201
202
203
204
205
206
207
290
380
470
561
905
21
111
199
200
201
202
203
204
205
206
207
291
381
471
562
905
22
112
199
200
201
202
203
204
205
206
207
292
382
472
563
905
23
113
199
200
201
202
203
204
205
206
207
293
383
473
564
905
24
114
199
200
201
202
203
204
205
206
207
294
384
474
565
905
25
115
199
200
201
202
203
204
205
206
207
295
385
475
566
905
26
116
199
200
201
202
203
204
205
206
207
296
386
476
567
905
27
117
207
208
209
210
297
387
477
568
905
28
118
207
208
209
210
298
388
478
569
905
29
119
207
208
209
210
299
389
479
570
905
30
120
210
211
212
213
300
390
480
571
905
31
121
210
211
212
213
301
391
481
572
905
32
122
210
211
212
213
302
392
482
573
905
33
123
213
214
215
216
303
393
483
574
905
34
124
213
214
215
216
304
394
484
575
905
35
125
213
214
215
216
305
395
485
576
905
36
126
216
217
218
219
306
396
486
577
905
37
127
216
217
218
219
307
397
487
578
905
38
128
216
217
218
219
308
398
488
579
905
39
129
219
220
221
222
223
224
225
226
309
399
489
580
905
40
130
219
220
221
222
223
224
225
226
310
400
490
581
905
41
131
219
220
221
222
223
224
225
226
311
401
491
582
905
42
132
219
220
221
222
223
224
225
226
312
402
492
583
905
43
133
219
220
221
222
223
224
225
226
313
403
493
584
905
44
134
219
220
221
222
223
224
225
226
314
404
494
585
905
45
135
219
220
221
222
223
224
225
226
315
405
495
586
905
46
136
226
227
228
229
316
406
496
587
905
47
137
226
227
228
229
317
407
497
588
905
48
138
226
227
228
229
318
408
498
589
905
49
139
229
230
231
232
319
409
499
590
905
50
140
229
230
231
232
320
410
500
591
905
51
141
229
230
231
232
321
411
501
592
905
52
142
232
233
234
235
322
412
502
593
905
53
143
232
233
234
235
323
413
503
594
905
54
144
232
233
234
235
324
414
504
595
905
55
145
235
236
237
238
325
415
505
596
905
56
146
235
236
237
238
326
416
506
597
905
57
147
235
236
237
238
327
417
507
598
905
58
148
238
239
240
241
242
243
244
245
328
418
508
599
905
59
149
238
239
240
241
242
243
244
245
329
419
509
600
905
60
150
238
239
240
241
242
243
244
245
330
420
510
601
905
61
151
238
239
240
241
242
243
244
245
331
421
511
602
905
62
152
238
239
240
241
242
243
244
245
332
422
512
603
905
63
153
238
239
240
241
242
243
244
245
333
423
513
604
905
64
154
238
239
240
241
242
243
244
245
334
424
514
605
905
65
155
245
246
247
248
335
425
515
606
905
66
156
245
246
247
248
336
426
516
607
905
67
157
245
246
247
248
337
427
517
608
905
68
158
248
249
250
251
338
428
518
609
905
69
159
248
249
250
251
339
429
519
610
905
70
160
248
249
250
251
340
430
520
611
905
71
161
251
252
253
254
341
431
521
612
905
72
162
251
252
253
254
342
432
522
613
905
73
163
251
252
253
254
343
433
523
614
905
74
164
254
255
256
257
344
434
524
615
905
75
165
254
255
256
257
345
435
525
616
905
76
166
254
255
256
257
346
436
526
617
905
77
167
257
258
259
260
261
262
263
264
347
437
527
618
905
78
168
257
258
259
260
261
262
263
264
348
438
528
619
905
79
169
257
258
259
260
261
262
263
264
349
439
529
620
905
80
170
257
258
259
260
261
262
263
264
350
440
530
621
905
81
171
257
258
259
260
261
262
263
264
351
441
531
622
905
82
172
257
258
259
260
261
262
263
264
352
442
532
623
905
83
173
257
258
259
260
261
262
263
264
353
443
533
624
905
84
174
264
265
266
267
268
269
270
354
444
534
625
905
85
175
264
265
266
267
268
269
270
355
445
535
626
905
86
176
264
265
266
267
268
269
270
356
446
536
627
905
87
177
264
265
266
267
268
269
270
357
447
537
628
905
88
178
264
265
266
267
268
269
270
358
448
538
629
905
89
179
264
265
266
267
268
269
270
359
449
539
630
905
90
180
264
265
266
267
268
269
270
360
450
540
631
905
271
272
273
274
275
276
277
632
905
271
272
273
274
275
276
277
361
451
633
905
271
272
273
274
275
276
277
362
452
634
905
271
272
273
274
275
276
277
363
453
635
905
271
272
273
274
275
276
277
364
454
636
905
271
272
273
274
275
276
277
365
455
637
905
271
272
273
274
275
276
277
366
456
638
905
277
278
279
280
367
457
639
905
277
278
279
280
368
458
640
905
277
278
279
280
369
459
641
905
280
281
282
283
370
460
642
905
280
281
282
283
371
461
643
905
280
281
282
283
372
462
644
905
283
284
285
286
373
463
645
905
283
284
285
286
374
464
646
905
283
284
285
286
375
465
647
905
286
287
288
289
376
466
648
905
286
287
288
289
377
467
649
905
286
287
288
289
378
468
650
905
289
290
291
292
293
294
295
296
297
379
469
651
905
289
290
291
292
293
294
295
296
297
380
470
652
905
289
290
291
292
293
294
295
296
297
381
471
653
905
289
290
291
292
293
294
295
296
297
382
472
654
905
289
290
291
292
293
294
295
296
297
383
473
655
905
289
290
291
292
293
294
295
296
297
384
474
656
905
289
290
291
292
293
294
295
296
297
385
475
657
905
289
290
291
292
293
294
295
296
297
386
476
658
905
297
298
299
300
387
477
659
905
297
298
299
300
388
478
660
905
297
298
299
300
389
479
661
905
300
301
302
303
390
480
662
905
300
301
302
303
391
481
663
905
300
301
302
303
392
482
664
905
303
304
305
306
393
483
665
905
303
304
305
306
394
484
666
905
303
304
305
306
395
485
667
905
306
307
308
309
396
486
668
905
306
307
308
309
397
487
669
905
306
307
308
309
398
488
670
905
309
310
311
312
313
314
315
316
399
489
671
905
309
310
311
312
313
314
315
316
400
490
672
905
309
310
311
312
313
314
315
316
401
491
673
905
309
310
311
312
313
314
315
316
402
492
674
905
309
310
311
312
313
314
315
316
403
493
675
905
309
310
311
312
313
314
315
316
404
494
676
905
309
310
311
312
313
314
315
316
405
495
677
905
316
317
318
319
406
496
678
905
316
317
318
319
407
497
679
905
316
317
318
319
408
498
680
905
319
320
321
322
409
499
681
905
319
320
321
322
410
500
682
905
319
320
321
322
411
501
683
905
322
323
324
325
412
502
684
905
322
323
324
325
413
503
685
905
322
323
324
325
414
504
686
905
325
326
327
328
415
505
687
905
325
326
327
328
416
506
688
905
325
326
327
328
417
507
689
905
328
329
330
331
332
333
334
335
418
508
690
905
328
329
330
331
332
333
334
335
419
509
691
905
328
329
330
331
332
333
334
335
420
510
692
905
328
329
330
331
332
333
334
335
421
511
693
905
328
329
330
331
332
333
334
335
422
512
694
905
328
329
330
331
332
333
334
335
423
513
695
905
328
329
330
331
332
333
334
335
424
514
696
905
335
336
337
338
425
515
697
905
335
336
337
338
426
516
698
905
335
336
337
338
427
517
699
905
338
339
340
341
428
518
700
905
338
339
340
341
429
519
701
905
338
339
340
341
430
520
702
905
341
342
343
344
431
521
703
905
341
342
343
344
432
522
704
905
341
342
343
344
433
523
705
905
344
345
346
347
434
524
706
905
344
345
346
347
435
525
707
905
344
345
346
347
436
526
708
905
347
348
349
350
351
352
353
354
437
527
709
905
347
348
349
350
351
352
353
354
438
528
710
905
347
348
349
350
351
352
353
354
439
529
711
905
347
348
349
350
351
352
353
354
440
530
712
905
347
348
349
350
351
352
353
354
441
531
713
905
347
348
349
350
351
352
353
354
442
532
714
905
347
348
349
350
351
352
353
354
443
533
715
905
354
355
356
357
358
359
360
444
534
716
905
354
355
356
357
358
359
360
445
535
717
905
354
355
356
357
358
359
360
446
536
718
905
354
355
356
357
358
359
360
447
537
719
905
354
355
356
357
358
359
360
448
538
720
905
354
355
356
357
358
359
360
449
539
721
905
354
355
356
357
358
359
360
450
540
722
905
361
362
363
364
365
366
367
723
905
271
361
362
363
364
365
366
367
451
724
905
272
361
362
363
364
365
366
367
452
725
905
273
361
362
363
364
365
366
367
453
726
905
274
361
362
363
364
365
366
367
454
727
905
275
361
362
363
364
365
366
367
455
728
905
276
361
362
363
364
365
366
367
456
729
905
277
367
368
369
370
457
730
905
278
367
368
369
370
458
731
905
279
367
368
369
370
459
732
905
280
370
371
372
373
460
733
905
281
370
371
372
373
461
734
905
282
370
371
372
373
462
735
905
283
373
374
375
376
463
736
905
284
373
374
375
376
464
737
905
285
373
374
375
376
465
738
905
286
376
377
378
379
466
739
905
287
376
377
378
379
467
740
905
288
376
377
378
379
468
741
905
289
379
380
381
382
383
384
385
386
387
469
742
905
290
379
380
381
382
383
384
385
386
387
470
743
905
291
379
380
381
382
383
384
385
386
387
471
744
905
292
379
380
381
382
383
384
385
386
387
472
745
905
293
379
380
381
382
383
384
385
386
387
473
746
905
294
379
380
381
382
383
384
385
386
387
474
747
905
295
379
380
381
382
383
384
385
386
387
475
748
905
296
379
380
381
382
383
384
385
386
387
476
749
905
297
387
388
389
390
477
750
905
298
387
388
389
390
478
751
905
299
387
388
389
390
479
752
905
300
390
391
392
393
480
753
905
301
390
391
392
393
481
754
905
302
390
391
392
393
482
755
905
303
393
394
395
396
483
756
905
304
393
394
395
396
484
757
905
305
393
394
395
396
485
758
905
306
396
397
398
399
486
759
905
307
396
397
398
399
487
760
905
308
396
397
398
399
488
761
905
309
399
400
401
402
403
404
405
406
489
762
905
310
399
400
401
402
403
404
405
406
490
763
905
311
399
400
401
402
403
404
405
406
491
764
905
312
399
400
401
402
403
404
405
406
492
765
905
313
399
400
401
402
403
404
405
406
493
766
905
314
399
400
401
402
403
404
405
406
494
767
905
315
399
400
401
402
403
404
405
406
495
768
905
316
406
407
408
409
496
769
905
317
406
407
408
409
497
770
905
318
406
407
408
409
498
771
905
319
409
410
411
412
499
772
905
320
409
410
411
412
500
773
905
321
409
410
411
412
501
774
905
322
412
413
414
415
502
775
905
323
412
413
414
415
503
776
905
324
412
413
414
415
504
777
905
325
415
416
417
418
505
778
905
326
415
416
417
418
506
779
905
327
415
416
417
418
507
780
905
328
418
419
420
421
422
423
424
425
508
781
905
329
418
419
420
421
422
423
424
425
509
782
905
330
418
419
420
421
422
423
424
425
510
783
905
331
418
419
420
421
422
423
424
425
511
784
905
332
418
419
420
421
422
423
424
425
512
785
905
333
418
419
420
421
422
423
424
425
513
786
905
334
418
419
420
421
422
423
424
425
514
787
905
335
425
426
427
428
515
788
905
336
425
426
427
428
516
789
905
337
425
426
427
428
517
790
905
338
428
429
430
431
518
791
905
339
428
429
430
431
519
792
905
340
428
429
430
431
520
793
905
341
431
432
433
434
521
794
905
342
431
432
433
434
522
795
905
343
431
432
433
434
523
796
905
344
434
435
436
437
524
797
905
345
434
435
436
437
525
798
905
346
434
435
436
437
526
799
905
347
437
438
439
440
441
442
443
444
527
800
905
348
437
438
439
440
441
442
443
444
528
801
905
349
437
438
439
440
441
442
443
444
529
802
905
350
437
438
439
440
441
442
443
444
530
803
905
351
437
438
439
440
441
442
443
444
531
804
905
352
437
438
439
440
441
442
443
444
532
805
905
353
437
438
439
440
441
442
443
444
533
806
905
354
444
445
446
447
448
449
450
534
807
905
355
444
445
446
447
448
449
450
535
808
905
356
444
445
446
447
448
449
450
536
809
905
357
444
445
446
447
448
449
450
537
810
905
358
444
445
446
447
448
449
450
538
811
905
359
444
445
446
447
448
449
450
539
812
905
360
444
445
446
447
448
449
450
540
813
905
451
452
453
454
455
456
457
814
905
271
361
451
452
453
454
455
456
457
815
905
272
362
451
452
453
454
455
456
457
816
905
273
363
451
452
453
454
455
456
457
817
905
274
364
451
452
453
454
455
456
457
818
905
275
365
451
452
453
454
455
456
457
819
905
276
366
451
452
453
454
455
456
457
820
905
277
367
457
458
459
460
821
905
278
368
457
458
459
460
822
905
279
369
457
458
459
460
823
905
280
370
460
461
462
463
824
905
281
371
460
461
462
463
825
905
282
372
460
461
462
463
826
905
283
373
463
464
465
466
827
905
284
374
463
464
465
466
828
905
285
375
463
464
465
466
829
905
286
376
466
467
468
469
830
905
287
377
466
467
468
469
831
905
288
378
466
467
468
469
832
905
289
379
469
470
471
472
473
474
475
476
477
833
905
290
380
469
470
471
472
473
474
475
476
477
834
905
291
381
469
470
471
472
473
474
475
476
477
835
905
292
382
469
470
471
472
473
474
475
476
477
836
905
293
383
469
470
471
472
473
474
475
476
477
837
905
294
384
469
470
471
472
473
474
475
476
477
838
905
295
385
469
470
471
472
473
474
475
476
477
839
905
296
386
469
470
471
472
473
474
475
476
477
840
905
297
387
477
478
479
480
841
905
298
388
477
478
479
480
842
905
299
389
477
478
479
480
843
905
300
390
480
481
482
483
844
905
301
391
480
481
482
483
845
905
302
392
480
481
482
483
846
905
303
393
483
484
485
486
847
905
304
394
483
484
485
486
848
905
305
395
483
484
485
486
849
905
306
396
486
487
488
489
850
905
307
397
486
487
488
489
851
905
308
398
486
487
488
489
852
905
309
399
489
490
491
492
493
494
495
496
853
905
310
400
489
490
491
492
493
494
495
496
854
905
311
401
489
490
491
492
493
494
495
496
855
905
312
402
489
490
491
492
493
494
495
496
856
905
313
403
489
490
491
492
493
494
495
496
857
905
314
404
489
490
491
492
493
494
495
496
858
905
315
405
489
490
491
492
493
494
495
496
859
905
316
406
496
497
498
499
860
905
317
407
496
497
498
499
861
905
318
408
496
497
498
499
862
905
319
409
499
500
501
502
863
905
320
410
499
500
501
502
864
905
321
411
499
500
501
502
865
905
322
412
502
503
504
505
866
905
323
413
502
503
504
505
867
905
324
414
502
503
504
505
868
905
325
415
505
506
507
508
869
905
326
416
505
506
507
508
870
905
327
417
505
506
507
508
871
905
328
418
508
509
510
511
512
513
514
515
872
905
329
419
508
509
510
511
512
513
514
515
873
905
330
420
508
509
510
511
512
513
514
515
874
905
331
421
508
509
510
511
512
513
514
515
875
905
332
422
508
509
510
511
512
513
514
515
876
905
333
423
508
509
510
511
512
513
514
515
877
905
334
424
508
509
510
511
512
513
514
515
878
905
335
425
515
516
517
518
879
905
336
426
515
516
517
518
880
905
337
427
515
516
517
518
881
905
338
428
518
519
520
521
882
905
339
429
518
519
520
521
883
905
340
430
518
519
520
521
884
905
341
431
521
522
523
524
885
905
342
432
521
522
523
524
886
905
343
433
521
522
523
524
887
905
344
434
524
525
526
527
888
905
345
435
524
525
526
527
889
905
346
436
524
525
526
527
890
905
347
437
527
528
529
530
531
532
533
534
891
905
348
438
527
528
529
530
531
532
533
534
892
905
349
439
527
528
529
530
531
532
533
534
893
905
350
440
527
528
529
530
531
532
533
534
894
905
351
441
527
528
529
530
531
532
533
534
895
905
352
442
527
528
529
530
531
532
533
534
896
905
353
443
527
528
529
530
531
532
533
534
897
905
354
444
534
535
536
537
538
539
540
898
905
355
445
534
535
536
537
538
539
540
899
905
356
446
534
535
536
537
538
539
540
900
905
357
447
534
535
536
537
538
539
540
901
905
358
448
534
535
536
537
538
539
540
902
905
359
449
534
535
536
537
538
539
540
903
905
360
450
534
535
536
537
538
539
540
904
905
541
1
91
181
542
2
92
182
543
3
93
183
544
4
94
184
545
5
95
185
546
6
96
186
547
7
97
187
548
8
98
188
549
9
99
189
550
10
100
190
551
11
101
191
552
12
102
192
553
13
103
193
554
14
104
194
555
15
105
195
556
16
106
196
557
17
107
197
558
18
108
198
559
19
109
199
560
20
110
200
561
21
111
201
562
22
112
202
563
23
113
203
564
24
114
204
565
25
115
205
566
26
116
206
567
27
117
207
568
28
118
208
569
29
119
209
570
30
120
210
571
31
121
211
572
32
122
212
573
33
123
213
574
34
124
214
575
35
125
215
576
36
126
216
577
37
127
217
578
38
128
218
579
39
129
219
580
40
130
220
581
41
131
221
582
42
132
222
583
43
133
223
584
44
134
224
585
45
135
225
586
46
136
226
587
47
137
227
588
48
138
228
589
49
139
229
590
50
140
230
591
51
141
231
592
52
142
232
593
53
143
233
594
54
144
234
595
55
145
235
596
56
146
236
597
57
147
237
598
58
148
238
599
59
149
239
600
60
150
240
601
61
151
241
602
62
152
242
603
63
153
243
604
64
154
244
605
65
155
245
606
66
156
246
607
67
157
247
608
68
158
248
609
69
159
249
610
70
160
250
611
71
161
251
612
72
162
252
613
73
163
253
614
74
164
254
615
75
165
255
616
76
166
256
617
77
167
257
618
78
168
258
619
79
169
259
620
80
170
260
621
81
171
261
622
82
172
262
623
83
173
263
624
84
174
264
625
85
175
265
626
86
176
266
627
87
177
267
628
88
178
268
629
89
179
269
630
90
180
270
631
905
906