0
1
4
0
1
2
3
5
0
1
2
3
4
6
0
1
2
3
5
7
0
1
2
3
4
6
8
0
1
2
3
5
7
9
0
1
2
3
6
8
10
0
1
2
3
5
7
9
11
0
1
2
3
6
8
10
12
0
1
2
3
5
7
9
11
13
0
1
2
3
6
8
10
12
14
0
1
2
3
7
9
11
13
15
0
1
2
3
8
10
12
14
16
0
1
2
3
9
11
13
15
17
0
1
2
3
10
12
14
16
18
0
1
2
3
11
13
15
17
19
0
1
2
3
12
14
16
18
20
0
1
2
3
13
15
17
19
21
0
1
2
3
14
16
18
20
22
0
1
2
3
15
17
19
21
23
0
1
2
3
16
18
20
22
24
0
1
2
3
17
19
21
23
25
0
1
2
3
18
20
22
24
26
0
1
2
3
19
21
23
25
27
0
1
2
3
20
22
24
26
28
0
1
2
3
21
23
25
27
29
0
1
2
3
22
24
26
28
30
0
1
2
3
23
25
27
29
31
0
1
2
3
24
26
28
30
32
0
1
2
3
25
27
29
31
33
0
1
2
3
26
28
30
32
34
0
1
2
3
27
29
31
33
35
0
1
2
3
28
30
32
34
36
0
1
2
3
29
31
33
35
37
0
1
2
3
30
32
34
36
38
0
1
2
3
31
33
35
37
39
0
1
2
3
32
34
36
38
40
0
1
2
3
33
35
37
39
41
0
1
2
3
34
36
38
40
42
0
1
2
3
35
37
39
41
43
0
1
2
3
36
38
40
42
44
0
1
2
3
37
39
41
43
45
0
1
2
3
38
40
42
44
46
0
1
2
3
39
41
43
45
47
0
1
2
3
40
42
44
46
48
0
1
2
3
41
43
45
47
49
0
1
2
3
42
44
46
48
50
0
1
2
3
43
45
47
49
51
0
1
2
3
44
46
48
50
52
0
1
2
3
45
47
49
51
53
0
1
2
3
46
48
50
52
54
0
1
2
3
47
49
51
53
55
0
1
2
3
48
50
52
54
56
0
1
2
3
49
51
53
55
57
0
1
2
3
50
52
54
56
58
0
1
2
3
51
53
55
57
59
0
1
2
3
52
54
56
58
60
0
1
2
3
53
55
57
59
61
0
1
2
3
54
56
58
60
62
0
1
2
3
55
57
59
61
63
0
1
2
3
56
58
60
62
64
0
1
2
3
57
59
61
63
65
0
1
2
3
58
60
62
64
66
0
1
2
3
59
61
63
65
67
0
1
2
3
60
62
64
66
68
0
1
2
3
61
63
65
67
69
0
1
2
3
62
64
66
68
70
0
1
2
3
63
65
67
69
71
0
1
2
3
64
66
68
70
72
0
1
2
3
65
67
69
71
73
0
1
2
3
66
68
70
72
74
0
1
2
3
67
69
71
73
75
0
1
2
3
68
70
72
74
76
0
1
2
3
69
71
73
75
77
0
1
2
3
70
72
74
76
78
0
1
2
3
71
73
75
77
79
0
1
2
3
72
74
76
78
80
0
1
2
3
73
75
77
79
81
0
1
2
3
74
76
78
80
82
0
1
2
3
75
77
79
81
83
0
1
2
3
76
78
80
82
84
0
1
2
3
77
79
81
83
85
0
1
2
3
78
80
82
84
86
0
1
2
3
79
81
83
85
87
0
1
2
3
80
82
84
86
88
0
1
2
3
81
83
85
87
89
0
1
2
3
82
84
86
88
90
0
1
2
3
83
85
87
89
91
0
1
2
3
84
86
88
90
92
0
1
2
3
85
87
89
91
93
0
1
2
3
86
88
90
92
94
0
1
2
3
87
89
91
93
95
0
1
2
3
88
90
92
94
96
0
1
2
3
89
91
93
95
97
0
1
2
3
90
92
94
96
98
0
1
2
3
91
93
95
97
99
0
1
2
3
92
94
96
98
100
0
1
2
3
93
95
97
99
101
0
1
2
3
94
96
98
100
102
0
1
2
3
95
97
99
101
103
0
1
2
3
96
98
100
102
104
0
1
2
3
97
99
101
103
105
0
1
2
3
98
100
102
104
106
0
1
2
3
99
101
103
105
107
0
1
2
3
100
102
104
106
108
0
1
2
3
101
103
105
107
109
0
1
2
3
102
104
106
108
110
0
1
2
3
103
105
107
109
111
0
1
2
3
104
106
108
110
112
0
1
2
3
105
107
109
111
113
0
1
2
3
106
108
110
112
114
0
1
2
3
107
109
111
113
115
0
1
2
3
108
110
112
114
116
0
1
2
3
109
111
113
115
117
0
1
2
3
110
112
114
116
118
0
1
2
3
111
113
115
117
119
0
1
2
3
112
114
116
118
120
0
1
2
3
113
115
117
119
121
0
1
2
3
114
116
118
120
122
0
1
2
3
115
117
119
121
123
0
1
2
3
116
118
120
122
124
0
1
2
3
117
119
121
123
125
0
1
2
3
118
120
122
124
126
0
1
2
3
119
121
123
125
127
0
1
2
3
120
122
124
126
128
0
1
2
3
121
123
125
127
129
0
1
2
3
122
124
126
128
130
0
1
2
3
123
125
127
129
131
0
1
2
3
124
126
128
130
132
0
1
2
3
125
127
129
131
133
0
1
2
3
126
128
130
132
134
0
1
2
3
127
129
131
133
135
0
1
2
3
128
130
132
134
136
0
1
2
3
129
131
133
135
137
0
1
2
3
130
132
134
136
138
0
1
2
3
131
133
135
137
139
0
1
2
3
132
134
136
138
140
0
1
2
3
133
135
137
139
141
0
1
2
3
134
136
138
140
142
0
1
2
3
135
137
139
141
143
0
1
2
3
136
138
140
142
144
0
1
2
3
137
139
141
143
145
0
1
2
3
138
140
142
144
146
0
1
2
3
139
141
143
145
147
0
1
2
3
140
142
144
146
148
0
1
2
3
141
143
145
147
149
0
1
2
3
142
144
146
148
150
0
1
2
3
143
145
147
149
151
0
1
2
3
144
146
148
150
152
0
1
2
3
145
147
149
151
153
0
1
2
3
146
148
150
152
154
0
1
2
3
147
149
151
153
155
0
1
2
3
148
150
152
154
156
0
1
2
3
149
151
153
155
157
0
1
2
3
150
152
154
156
158
0
1
2
3
151
153
155
157
159
0
1
2
3
152
154
156
158
160
0
1
2
3
153
155
157
159
161
0
1
2
3
154
156
158
160
162
0
1
2
3
155
157
159
161
163
0
1
2
3
156
158
160
162
164
0
1
2
3
157
159
161
163
165
0
1
2
3
158
160
162
164
166
0
1
2
3
159
161
163
165
167
0
1
2
3
160
162
164
166
168
0
1
2
3
161
163
165
167
169
0
1
2
3
162
164
166
168
170
0
1
2
3
163
165
167
169
171
0
1
2
3
164
166
168
170
172
0
1
2
3
165
167
169
171
173
0
1
2
3
166
168
170
172
174
0
1
2
3
167
169
171
173
175
0
1
2
3
168
170
172
174
176
0
1
2
3
169
171
173
175
177
0
1
2
3
170
172
174
176
178
0
1
2
3
171
173
175
177
179
0
1
2
3
172
174
176
178
180
0
1
2
3
173
175
177
179
181
0
1
2
3
174
176
178
180
182
0
1
2
3
175
177
179
181
183
0
1
2
3
176
178
180
182
184
0
1
2
3
177
179
181
183
185
0
1
2
3
178
180
182
184
186
0
1
2
3
179
181
183
185
187
0
1
2
3
180
182
184
186
188
0
1
2
3
181
183
185
187
189
0
1
2
3
182
184
186
188
190
0
1
2
3
183
185
187
189
191
0
1
2
3
184
186
188
190
192
0
1
2
3
185
187
189
191
193
0
1
2
3
186
188
190
192
194
0
1
2
3
187
189
191
193
195
0
1
2
3
188
190
192
194
196
0
1
2
3
189
191
193
195
197
0
1
2
3
190
192
194
196
198
0
1
2
3
191
193
195
197
199
0
1
2
3
192
194
196
198
200
0
1
2
3
193
195
197
199
201
0
1
2
3
194
196
198
200
202
0
1
2
3
195
197
199
201
203
0
1
2
3
196
198
200
202
204
0
1
2
3
197
199
201
203
205
0
1
2
3
198
200
202
204
206
0
1
2
3
199
201
203
205
207
0
1
2
3
200
202
204
206
208
0
1
2
3
201
203
205
207
209
0
1
2
3
202
204
206
208
210
0
1
2
3
203
205
207
209
211
0
1
2
3
204
206
208
210
212
0
1
2
3
205
207
209
211
213
0
1
2
3
206
208
210
212
214
0
1
2
3
207
209
211
213
215
0
1
2
3
208
210
212
214
216
0
1
2
3
209
211
213
215
217
0
1
2
3
210
212
214
216
218
0
1
2
3
211
213
215
217
219
0
1
2
3
212
214
216
218
220
0
1
2
3
213
215
217
219
221
0
1
2
3
214
216
218
220
222
0
1
2
3
215
217
219
221
223
0
1
2
3
216
218
220
222
224
0
1
2
3
217
219
221
223
225
0
1
2
3
218
220
222
224
226
0
1
2
3
219
221
223
225
227
0
1
2
3
220
222
224
226
228
0
1
2
3
221
223
225
227
229
0
1
2
3
222
224
226
228
230
0
1
2
3
223
225
227
229
231
0
1
2
3
224
226
228
230
232
0
1
2
3
225
227
229
231
233
0
1
2
3
226
228
230
232
234
0
1
2
3
227
229
231
233
235
0
1
2
3
228
230
232
234
236
0
1
2
3
229
231
233
235
237
0
1
2
3
230
232
234
236
238
0
1
2
3
231
233
235
237
239
0
1
2
3
232
234
236
238
240
0
1
2
3
233
235
237
239
241
0
1
2
3
234
236
238
240
242
0
1
2
3
235
237
239
241
243
0
1
2
3
236
238
240
242
244
0
1
2
3
237
239
241
243
245
0
1
2
3
238
240
242
244
246
0
1
2
3
239
241
243
245
247
0
1
2
3
240
242
244
246
248
0
1
2
3
241
243
245
247
249
0
1
2
3
242
244
246
248
250
0
1
2
3
243
245
247
249
251
0
1
2
3
244
246
248
250
252
0
1
2
3
245
247
249
251
253
0
1
2
3
246
248
250
252
254
0
1
2
3
247
249
251
253
255
0
1
2
3
248
250
252
254
256
0
1
2
3
249
251
253
255
257
0
1
2
3
250
252
254
256
258
0
1
2
3
251
253
255
257
259
0
1
2
3
252
254
256
258
260
0
1
2
3
253
255
257
259
0
1
2
3
254
256
258
260
0
1
2
3
255
257
259
0
1
2
3
256
258
260